50
0.00	25.66	34.69	44.91	12.01	46.48	22.27	29.26	46.60	49.60	4.28	22.97	17.12	26.73	47.76	32.50	43.37	16.00	50.36	25.48	36.81	25.31	31.42	26.14	38.27	24.17	29.16	26.30	31.56	11.96	20.90	18.92	10.54	15.79	28.54	28.31	40.42	21.27	17.59	39.47	14.05	29.83	28.82	32.98	33.12	40.35	22.84	10.85	37.94	27.04	
25.66	0.00	27.34	40.37	14.75	37.44	5.19	53.43	36.36	38.32	29.50	24.85	15.85	39.71	39.46	54.73	49.71	22.77	39.70	24.65	47.93	49.90	37.11	14.86	50.11	18.02	12.25	41.28	8.55	36.03	10.63	42.45	15.35	34.83	53.57	39.85	26.16	11.42	9.73	34.01	39.43	28.34	5.90	23.57	41.80	53.50	35.78	35.98	49.04	39.61	
34.69	27.34	0.00	13.04	32.52	11.90	30.71	49.80	11.91	14.95	35.74	12.69	18.56	25.70	13.44	47.10	26.10	43.39	15.67	9.79	28.80	48.03	16.94	41.42	31.09	43.48	39.56	28.67	22.18	46.33	18.83	40.32	30.89	50.03	60.54	24.24	9.73	36.50	23.07	6.67	42.48	7.26	32.98	3.91	22.40	34.95	24.05	39.31	29.60	25.22	
44.91	40.37	13.04	0.00	44.71	7.70	43.71	53.67	9.80	11.99	45.04	21.96	30.43	27.88	6.59	49.24	19.33	55.50	11.18	19.69	26.16	52.88	17.62	54.40	28.05	56.33	52.60	30.96	34.80	55.82	31.64	45.93	42.88	60.66	68.03	25.75	18.16	49.39	35.72	6.39	49.91	15.13	45.97	16.82	21.36	31.61	28.22	47.21	26.49	27.29	
12.01	14.75	32.52	44.71	0.00	44.25	10.57	41.18	43.81	46.44	16.25	23.91	14.30	33.90	45.93	43.90	48.19	10.87	47.52	25.40	43.60	37.29	35.31	14.86	45.45	14.06	17.28	34.43	22.12	21.33	14.44	30.59	2.32	20.46	38.92	34.87	35.46	9.51	9.98	38.55	26.05	30.01	16.99	29.67	38.58	48.19	29.71	22.86	44.77	34.03	
46.48	37.44	11.90	7.70	44.25	0.00	41.43	58.92	2.16	4.55	47.30	23.90	30.44	33.43	2.15	55.13	26.94	55.12	4.34	21.15	33.16	57.70	23.27	52.07	35.17	54.52	49.62	36.54	30.73	57.99	30.20	50.33	42.70	61.90	71.56	31.48	12.42	47.51	34.59	7.91	53.39	17.31	42.65	14.63	27.78	38.84	32.98	50.39	33.60	32.87	
22.27	5.19	30.71	43.71	10.57	41.43	0.00	50.96	40.51	42.66	26.36	26.15	16.29	39.73	43.38	52.93	51.34	17.62	43.98	26.52	48.58	47.23	38.47	10.70	50.67	13.24	9.68	40.95	13.71	31.83	12.39	40.11	11.74	29.99	49.43	40.17	30.66	6.38	9.52	37.32	36.29	30.64	6.56	27.12	42.76	53.86	35.64	32.97	49.73	39.71	
29.26	53.43	49.80	53.67	41.18	58.92	50.96	0.00	60.07	63.23	24.99	37.84	39.87	25.80	59.19	7.69	40.77	43.42	63.26	40.61	31.01	4.26	36.05	55.32	30.58	52.95	58.42	22.75	57.29	26.06	45.51	11.00	39.44	34.37	21.82	27.98	58.76	50.54	44.00	51.03	15.84	42.63	57.49	50.37	32.97	29.60	25.99	18.48	31.53	26.39	
46.60	36.36	11.91	9.80	43.81	2.16	40.51	60.07	0.00	3.19	47.61	24.34	30.24	34.75	4.09	56.48	28.96	54.66	3.77	21.51	34.92	58.72	24.69	51.09	36.98	53.67	48.47	37.86	29.38	58.23	29.59	51.25	42.35	61.87	72.16	32.87	10.80	46.67	34.03	9.10	54.02	17.97	41.44	14.15	29.39	40.68	34.08	50.95	35.40	34.20	
49.60	38.32	14.95	11.99	46.44	4.55	42.66	63.23	3.19	0.00	50.69	27.48	33.08	37.86	5.47	59.58	31.32	57.26	1.63	24.63	37.70	61.90	27.75	53.14	39.71	55.87	50.31	40.97	30.97	61.28	32.12	54.44	45.05	64.78	75.32	35.95	12.25	48.89	36.58	12.22	57.19	21.16	43.19	16.89	32.33	43.37	37.26	54.11	38.14	37.30	
4.28	29.50	35.74	45.04	16.25	47.30	26.36	24.99	47.61	50.69	0.00	23.43	19.32	24.43	48.42	28.32	41.65	19.72	51.33	26.15	34.43	21.05	30.35	30.40	35.71	28.34	33.44	23.58	34.93	10.79	23.79	14.70	14.65	16.77	25.72	26.22	42.27	25.55	20.94	39.96	9.94	30.23	32.92	34.46	31.37	37.50	20.83	6.62	35.53	24.80	
22.97	24.85	12.69	21.96	23.91	23.90	26.15	37.84	24.34	27.48	23.43	0.00	10.11	16.32	24.99	36.05	25.19	34.30	28.01	2.91	23.25	35.74	12.33	36.12	25.50	37.01	35.82	18.74	23.80	34.17	14.22	27.90	21.82	38.70	47.87	15.80	20.96	30.55	16.74	16.56	29.79	6.87	30.69	12.57	16.98	29.06	13.30	26.64	24.33	16.05	
17.12	15.85	18.56	30.43	14.30	30.44	16.29	39.87	30.24	33.08	19.32	10.11	0.00	23.86	31.98	40.01	35.23	25.07	34.00	11.18	32.35	36.87	22.29	26.03	34.47	26.93	25.96	25.46	17.52	29.08	5.83	28.98	12.46	31.74	45.04	24.07	23.32	20.44	6.77	24.32	28.12	15.74	21.43	16.21	26.48	37.76	19.93	24.59	33.48	23.78	
26.73	39.71	25.70	27.88	33.90	33.43	39.73	25.80	34.75	37.86	24.43	16.32	23.86	0.00	33.53	21.73	17.73	42.10	37.75	18.28	10.08	25.26	10.28	48.28	11.65	47.96	49.21	3.12	39.93	33.94	29.31	19.07	31.58	41.11	42.04	2.30	35.31	42.58	30.38	25.65	24.91	18.50	45.25	27.34	7.86	14.30	4.19	23.29	11.21	0.60	
47.76	39.46	13.44	6.59	45.93	2.15	43.38	59.19	4.09	5.47	48.42	24.99	31.98	33.53	0.00	55.14	25.90	56.80	4.59	22.31	32.61	58.11	23.28	54.04	34.55	56.42	51.66	36.64	32.84	59.15	32.00	50.87	44.32	63.28	72.38	31.51	14.57	49.41	36.35	8.55	54.20	18.25	44.71	16.43	27.51	38.15	33.35	51.28	32.98	32.96	
32.50	54.73	47.10	49.24	43.90	55.13	52.93	7.69	56.48	59.58	28.32	36.05	40.01	21.73	55.14	0.00	34.64	47.75	59.43	38.61	24.91	10.87	31.88	58.55	24.12	56.66	61.13	18.63	57.51	31.75	45.82	13.68	41.91	40.21	29.49	23.65	56.49	53.40	45.05	47.38	20.72	39.84	59.33	48.24	27.98	22.62	23.10	22.46	25.25	22.28	
43.37	49.71	26.10	19.33	48.19	26.94	51.34	40.77	28.96	31.32	41.65	25.19	35.23	17.73	25.90	34.64	0.00	57.71	30.47	25.06	9.77	41.35	12.97	61.25	10.64	61.86	60.99	19.77	46.94	51.56	39.22	36.28	45.94	58.43	59.27	15.63	34.88	55.62	41.92	21.62	42.59	21.74	55.60	29.58	10.29	13.35	20.85	41.00	9.39	17.23	
16.00	22.77	43.39	55.50	10.87	55.12	17.62	43.42	54.66	57.26	19.72	34.30	25.07	42.10	56.80	47.75	57.71	0.00	58.36	36.02	52.12	39.20	45.07	14.13	53.74	10.42	18.85	42.01	31.11	18.74	25.16	34.08	12.62	13.68	35.35	43.43	46.07	12.31	20.69	49.37	27.58	40.65	22.40	40.53	47.74	56.07	38.02	25.31	53.27	42.34	
50.36	39.70	15.67	11.18	47.52	4.34	43.98	63.26	3.77	1.63	51.33	28.01	34.00	37.75	4.59	59.43	30.47	58.36	0.00	25.20	37.17	62.04	27.56	54.50	39.13	57.17	51.73	40.86	32.45	61.97	33.26	54.66	46.08	65.64	75.77	35.78	13.73	50.18	37.71	12.25	57.62	21.53	44.64	17.88	31.96	42.74	37.33	54.58	37.56	37.18	
25.48	24.65	9.79	19.69	25.40	21.15	26.52	40.61	21.51	24.63	26.15	2.91	11.18	18.28	22.31	38.61	25.06	36.02	25.20	0.00	24.26	38.59	12.65	36.81	26.56	38.01	36.10	20.90	22.61	36.86	14.22	30.77	23.43	41.11	50.75	17.46	18.14	31.36	17.39	14.00	32.69	4.63	30.55	9.76	17.79	30.25	15.64	29.52	25.29	17.94	
36.81	47.93	28.80	26.16	43.60	33.16	48.58	31.01	34.92	37.70	34.43	23.25	32.35	10.08	32.61	24.91	9.77	52.12	37.17	24.26	0.00	31.71	12.05	57.66	2.32	57.62	58.20	11.10	46.85	43.61	37.31	27.11	41.28	51.02	49.94	8.74	38.42	51.96	39.08	26.32	33.90	22.56	53.68	31.52	6.56	6.16	14.10	32.74	1.17	9.79	
25.31	49.90	48.03	52.88	37.29	57.70	47.23	4.26	58.72	61.90	21.05	35.74	36.87	25.26	58.11	10.87	41.35	39.20	62.04	38.59	31.71	0.00	35.31	51.26	31.59	48.82	54.47	22.37	54.13	21.81	42.39	7.97	35.62	30.14	19.09	27.52	56.70	46.57	40.62	49.79	11.66	40.99	53.78	48.31	32.83	31.10	24.76	14.47	32.36	25.85	
31.42	37.11	16.94	17.62	35.31	23.27	38.47	36.05	24.69	27.75	30.35	12.33	22.29	10.28	23.28	31.88	12.97	45.07	27.56	12.65	12.05	35.31	0.00	48.29	14.38	48.90	48.14	13.38	35.18	40.83	26.52	28.60	33.08	46.96	51.19	8.23	26.65	42.66	29.01	15.63	33.36	10.51	42.97	19.48	5.52	18.20	10.93	31.07	12.97	9.69	
26.14	14.86	41.42	54.40	14.86	52.07	10.70	55.32	51.09	53.14	30.40	36.12	26.03	48.28	54.04	58.55	61.25	14.13	54.50	36.81	57.66	51.26	48.29	0.00	59.63	4.38	5.11	49.04	23.01	32.36	22.93	45.05	17.08	27.79	49.40	49.03	41.02	5.71	19.44	48.01	39.69	41.08	11.18	37.82	52.20	62.57	44.09	36.83	58.83	48.35	
38.27	50.11	31.09	28.05	45.45	35.17	50.67	30.58	36.98	39.71	35.71	25.50	34.47	11.65	34.55	24.12	10.64	53.74	39.13	26.56	2.32	31.59	14.38	59.63	0.00	59.49	60.27	12.16	49.14	44.59	39.50	27.52	43.12	52.17	50.12	10.60	40.69	53.93	41.19	28.48	34.58	24.88	55.84	33.84	8.88	3.85	15.79	33.64	1.58	11.45	
24.17	18.02	43.48	56.33	14.06	54.52	13.24	52.95	53.67	55.87	28.34	37.01	26.93	47.96	56.42	56.66	61.86	10.42	57.17	38.01	57.62	48.82	48.90	4.38	59.49	0.00	9.49	48.45	26.45	29.07	24.69	43.03	16.38	23.89	45.75	48.91	43.91	7.01	20.74	49.97	37.17	42.45	15.17	40.05	52.47	62.24	43.77	34.53	58.79	48.09	
29.16	12.25	39.56	52.60	17.28	49.62	9.68	58.42	48.47	50.31	33.44	35.82	25.96	49.21	51.66	61.13	60.99	18.85	51.73	36.10	58.20	54.47	48.14	5.11	60.27	9.49	0.00	50.28	19.53	36.53	21.89	47.87	19.22	32.52	53.82	49.73	38.07	7.91	19.18	46.23	43.05	40.10	7.20	35.81	52.43	63.40	45.07	40.00	59.35	49.22	
26.30	41.28	28.67	30.96	34.43	36.54	40.95	22.75	37.86	40.97	23.58	18.74	25.46	3.12	36.64	18.63	19.77	42.01	40.86	20.90	11.10	22.37	13.38	49.04	12.16	48.45	50.28	0.00	42.03	32.52	31.09	16.56	32.12	40.01	39.58	5.23	38.23	43.39	31.77	28.76	22.91	21.44	46.69	30.17	10.48	14.07	5.60	21.64	12.12	3.69	
31.56	8.55	22.18	34.80	22.12	30.73	13.71	57.29	29.38	30.97	34.93	23.80	17.52	39.93	32.84	57.51	46.94	31.11	32.45	22.61	46.85	54.13	35.18	23.01	49.14	26.45	19.53	42.03	0.00	42.79	11.78	46.33	22.12	42.56	60.04	39.58	18.73	19.97	14.00	28.68	44.56	25.21	12.33	18.27	40.39	52.79	36.43	41.02	47.89	39.71	
11.96	36.03	46.33	55.82	21.33	57.99	31.83	26.06	58.23	61.28	10.79	34.17	29.08	33.94	59.15	31.75	51.56	18.74	61.97	36.86	43.61	21.81	40.83	32.36	44.59	29.07	36.53	32.52	42.79	0.00	32.69	18.99	20.78	8.47	17.61	35.95	52.37	28.88	29.06	50.72	11.21	40.99	38.05	44.82	41.34	45.82	30.77	11.00	44.64	34.39	
20.90	10.63	18.83	31.64	14.44	30.20	12.39	45.51	29.59	32.12	23.79	14.22	5.83	29.31	32.00	45.82	39.22	25.16	33.26	14.22	37.31	42.39	26.52	22.93	39.50	24.69	21.89	31.09	11.78	32.69	0.00	34.56	13.35	34.05	49.37	29.33	21.03	17.76	4.48	25.28	33.13	18.25	16.47	15.57	31.17	42.93	25.51	29.58	38.42	29.18	
18.92	42.45	40.32	45.93	30.59	50.33	40.11	11.00	51.25	54.44	14.70	27.90	28.98	19.07	50.87	13.68	36.28	34.08	54.66	30.77	27.11	7.97	28.60	45.05	27.52	43.03	47.87	16.56	46.33	18.99	34.56	0.00	28.73	27.39	23.02	21.36	48.83	40.05	33.01	42.44	7.83	33.38	46.62	40.45	26.91	27.96	17.73	8.84	27.96	19.65	
10.54	15.35	30.89	42.88	2.32	42.70	11.74	39.44	42.35	45.05	14.65	21.82	12.46	31.58	44.32	41.91	45.94	12.62	46.08	23.43	41.28	35.62	33.08	17.08	43.12	16.38	19.22	32.12	22.12	20.78	13.35	28.73	0.00	20.85	38.25	32.55	34.34	11.60	9.03	36.78	24.56	28.05	18.28	28.20	36.29	45.86	27.39	21.27	42.44	31.71	
15.79	34.83	50.03	60.66	20.46	61.90	29.99	34.37	61.87	64.78	16.77	38.70	31.74	41.11	63.28	40.21	58.43	13.68	65.64	41.11	51.02	30.14	46.96	27.79	52.17	23.89	32.52	40.01	42.56	8.47	34.05	27.39	20.85	0.00	22.11	42.96	54.80	25.60	29.86	55.11	19.65	45.55	35.54	47.94	48.14	53.65	37.60	19.05	52.09	41.51	
28.54	53.57	60.54	68.03	38.92	71.56	49.43	21.82	72.16	75.32	25.72	47.87	45.04	42.04	72.38	29.49	59.27	35.35	75.77	50.75	49.94	19.09	51.19	49.40	50.12	45.75	53.82	39.58	60.04	17.61	49.37	23.02	38.25	22.11	0.00	44.32	67.77	46.33	46.12	63.83	18.18	54.25	55.65	59.74	49.90	49.99	40.27	21.23	50.71	42.61	
28.31	39.85	24.24	25.75	34.87	31.48	40.17	27.98	32.87	35.95	26.22	15.80	24.07	2.30	31.51	23.65	15.63	43.43	35.78	17.46	8.74	27.52	8.23	49.03	10.60	48.91	49.73	5.23	39.58	35.95	29.33	21.36	32.55	42.96	44.32	0.00	33.93	43.32	30.72	23.78	27.11	17.16	45.50	26.14	5.60	13.70	5.47	25.39	9.90	1.71	
40.42	26.16	9.73	18.16	35.46	12.42	30.66	58.76	10.80	12.25	42.27	20.96	23.32	35.31	14.57	56.49	34.88	46.07	13.73	18.14	38.42	56.70	26.65	41.02	40.69	43.91	38.07	38.23	18.73	52.37	21.03	48.83	34.34	54.80	67.77	33.93	0.00	36.98	25.48	13.40	50.07	16.81	30.95	8.39	32.08	44.55	33.39	46.71	39.18	34.86	
21.27	11.42	36.50	49.39	9.51	47.51	6.38	50.54	46.67	48.89	25.55	30.55	20.44	42.58	49.41	53.40	55.62	12.31	50.18	31.36	51.96	46.57	42.66	5.71	53.93	7.01	7.91	43.39	19.97	28.88	17.76	40.05	11.60	25.60	46.33	43.32	36.98	0.00	13.98	43.02	35.14	35.71	10.10	33.05	46.51	56.87	38.40	32.11	53.12	42.65	
17.59	9.73	23.07	35.72	9.98	34.59	9.52	44.00	34.03	36.58	20.94	16.74	6.77	30.38	36.35	45.05	41.92	20.69	37.71	17.39	39.08	40.62	29.01	19.44	41.19	20.74	19.18	31.77	14.00	29.06	4.48	33.01	9.03	29.86	46.12	30.72	25.48	13.98	0.00	29.40	30.64	21.74	14.92	19.96	33.25	44.42	26.35	27.12	40.23	30.34	
39.47	34.01	6.67	6.39	38.55	7.91	37.32	51.03	9.10	12.22	39.96	16.56	24.32	25.65	8.55	47.38	21.62	49.37	12.25	14.00	26.32	49.79	15.63	48.01	28.48	49.97	46.23	28.76	28.68	50.72	25.28	42.44	36.78	55.11	63.83	23.78	13.40	43.02	29.40	0.00	45.65	9.74	39.65	10.52	20.49	32.27	25.08	42.73	26.91	25.10	
14.05	39.43	42.48	49.91	26.05	53.39	36.29	15.84	54.02	57.19	9.94	29.79	28.12	24.91	54.20	20.72	42.59	27.58	57.62	32.69	33.90	11.66	33.36	39.69	34.58	37.17	43.05	22.91	44.56	11.21	33.13	7.83	24.56	19.65	18.18	27.11	50.07	35.14	30.64	45.65	0.00	36.09	42.85	41.89	32.70	35.38	22.54	3.55	34.84	25.44	
29.83	28.34	7.26	15.13	30.01	17.31	30.64	42.63	17.97	21.16	30.23	6.87	15.74	18.50	18.25	39.84	21.74	40.65	21.53	4.63	22.56	40.99	10.51	41.08	24.88	42.45	40.10	21.44	25.21	40.99	18.25	33.38	28.05	45.55	54.25	17.16	16.81	35.71	21.74	9.74	36.09	0.00	34.23	9.07	16.01	28.70	16.80	33.09	23.47	18.05	
28.82	5.90	32.98	45.97	16.99	42.65	6.56	57.49	41.44	43.19	32.92	30.69	21.43	45.25	44.71	59.33	55.60	22.40	44.64	30.55	53.68	53.78	42.97	11.18	55.84	15.17	7.20	46.69	12.33	38.05	16.47	46.62	18.28	35.54	55.65	45.50	30.95	10.10	14.92	39.65	42.85	34.23	0.00	29.15	47.61	59.18	41.25	39.53	54.80	45.19	
32.98	23.57	3.91	16.82	29.67	14.63	27.12	50.37	14.15	16.89	34.46	12.57	16.21	27.34	16.43	48.24	29.58	40.53	17.88	9.76	31.52	48.31	19.48	37.82	33.84	40.05	35.81	30.17	18.27	44.82	15.57	40.45	28.20	47.94	59.74	26.14	8.39	33.05	19.96	10.52	41.89	9.07	29.15	0.00	25.00	37.67	25.16	38.58	32.39	26.92	
33.12	41.80	22.40	21.36	38.58	27.78	42.76	32.97	29.39	32.33	31.37	16.98	26.48	7.86	27.51	27.98	10.29	47.74	31.96	17.79	6.56	32.83	5.52	52.20	8.88	52.47	52.43	10.48	40.39	41.34	31.17	26.91	36.29	48.14	49.90	5.60	32.08	46.51	33.25	20.49	32.70	16.01	47.61	25.00	0.00	12.69	10.58	30.91	7.53	7.30	
40.35	53.50	34.95	31.61	48.19	38.84	53.86	29.60	40.68	43.37	37.50	29.06	37.76	14.30	38.15	22.62	13.35	56.07	42.74	30.25	6.16	31.10	18.20	62.57	3.85	62.24	63.40	14.07	52.79	45.82	42.93	27.96	45.86	53.65	49.99	13.70	44.55	56.87	44.42	32.27	35.38	28.70	59.18	37.67	12.69	0.00	18.49	34.82	5.38	14.23	
22.84	35.78	24.05	28.22	29.71	32.98	35.64	25.99	34.08	37.26	20.83	13.30	19.93	4.19	33.35	23.10	20.85	38.02	37.33	15.64	14.10	24.76	10.93	44.09	15.79	43.77	45.07	5.60	36.43	30.77	25.51	17.73	27.39	37.60	40.27	5.47	33.39	38.40	26.35	25.08	22.54	16.80	41.25	25.16	10.58	18.49	0.00	20.48	15.25	4.34	
10.85	35.98	39.31	47.21	22.86	50.39	32.97	18.48	50.95	54.11	6.62	26.64	24.59	23.29	51.28	22.46	41.00	25.31	54.58	29.52	32.74	14.47	31.07	36.83	33.64	34.53	40.00	21.64	41.02	11.00	29.58	8.84	21.27	19.05	21.23	25.39	46.71	32.11	27.12	42.73	3.55	33.09	39.53	38.58	30.91	34.82	20.48	0.00	33.75	23.77	
37.94	49.04	29.60	26.49	44.77	33.60	49.73	31.53	35.40	38.14	35.53	24.33	33.48	11.21	32.98	25.25	9.39	53.27	37.56	25.29	1.17	32.36	12.97	58.83	1.58	58.79	59.35	12.12	47.89	44.64	38.42	27.96	42.44	52.09	50.71	9.90	39.18	53.12	40.23	26.91	34.84	23.47	54.80	32.39	7.53	5.38	15.25	33.75	0.00	10.94	
27.04	39.61	25.22	27.29	34.03	32.87	39.71	26.39	34.20	37.30	24.80	16.05	23.78	0.60	32.96	22.28	17.23	42.34	37.18	17.94	9.79	25.85	9.69	48.35	11.45	48.09	49.22	3.69	39.71	34.39	29.18	19.65	31.71	41.51	42.61	1.71	34.86	42.65	30.34	25.10	25.44	18.05	45.19	26.92	7.30	14.23	4.34	23.77	10.94	0.00	
