75
0.00	25.66	34.69	44.91	12.01	46.48	22.27	29.26	46.60	49.60	4.28	22.97	17.12	26.73	47.76	32.50	43.37	16.00	50.36	25.48	36.81	25.31	31.42	26.14	38.27	24.17	29.16	26.30	31.56	11.96	20.90	18.92	10.54	15.79	28.54	28.31	40.42	21.27	17.59	39.47	14.05	29.83	28.82	32.98	33.12	40.35	22.84	10.85	37.94	27.04	17.80	17.42	8.54	49.00	26.26	25.82	36.74	22.84	20.11	31.93	37.78	28.12	9.51	19.23	39.28	37.42	18.94	14.53	37.98	30.11	34.44	15.70	16.63	35.65	31.32	
25.66	0.00	27.34	40.37	14.75	37.44	5.19	53.43	36.36	38.32	29.50	24.85	15.85	39.71	39.46	54.73	49.71	22.77	39.70	24.65	47.93	49.90	37.11	14.86	50.11	18.02	12.25	41.28	8.55	36.03	10.63	42.45	15.35	34.83	53.57	39.85	26.16	11.42	9.73	34.01	39.43	28.34	5.90	23.57	41.80	53.50	35.78	35.98	49.04	39.61	40.37	38.80	32.95	35.92	11.87	25.25	56.42	4.49	45.25	12.59	46.94	52.44	22.64	20.79	23.19	19.21	44.04	39.41	50.78	17.07	25.66	16.61	41.08	46.37	7.42	
34.69	27.34	0.00	13.04	32.52	11.90	30.71	49.80	11.91	14.95	35.74	12.69	18.56	25.70	13.44	47.10	26.10	43.39	15.67	9.79	28.80	48.03	16.94	41.42	31.09	43.48	39.56	28.67	22.18	46.33	18.83	40.32	30.89	50.03	60.54	24.24	9.73	36.50	23.07	6.67	42.48	7.26	32.98	3.91	22.40	34.95	24.05	39.31	29.60	25.22	52.40	34.91	36.12	14.94	38.77	9.70	44.65	30.35	46.02	17.03	26.28	61.26	25.37	43.57	11.75	14.54	44.97	40.97	32.53	44.21	2.06	38.06	50.41	27.33	23.61	
44.91	40.37	13.04	0.00	44.71	7.70	43.71	53.67	9.80	11.99	45.04	21.96	30.43	27.88	6.59	49.24	19.33	55.50	11.18	19.69	26.16	52.88	17.62	54.40	28.05	56.33	52.60	30.96	34.80	55.82	31.64	45.93	42.88	60.66	68.03	25.75	18.16	49.39	35.72	6.39	49.91	15.13	45.97	16.82	21.36	31.61	28.22	47.21	26.49	27.29	62.02	40.55	44.37	15.03	51.79	19.26	44.72	43.37	52.19	29.54	22.80	69.37	35.40	56.04	21.52	25.53	51.32	48.01	29.86	57.24	14.74	50.49	59.31	25.11	36.29	
12.01	14.75	32.52	44.71	0.00	44.25	10.57	41.18	43.81	46.44	16.25	23.91	14.30	33.90	45.93	43.90	48.19	10.87	47.52	25.40	43.60	37.29	35.31	14.86	45.45	14.06	17.28	34.43	22.12	21.33	14.44	30.59	2.32	20.46	38.92	34.87	35.46	9.51	9.98	38.55	26.05	30.01	16.99	29.67	38.58	48.19	29.71	22.86	44.77	34.03	25.65	28.18	20.32	44.98	14.46	25.93	47.26	11.21	32.12	24.07	43.70	37.70	13.88	11.55	33.41	30.47	30.95	26.52	45.58	18.86	31.57	6.09	26.38	42.21	21.48	
46.48	37.44	11.90	7.70	44.25	0.00	41.43	58.92	2.16	4.55	47.30	23.90	30.44	33.43	2.15	55.13	26.94	55.12	4.34	21.15	33.16	57.70	23.27	52.07	35.17	54.52	49.62	36.54	30.73	57.99	30.20	50.33	42.70	61.90	71.56	31.48	12.42	47.51	34.59	7.91	53.39	17.31	42.65	14.63	27.78	38.84	32.98	50.39	33.60	32.87	64.11	44.88	47.31	7.33	49.23	20.90	51.24	40.99	56.37	25.51	29.92	72.52	37.07	55.10	15.94	20.31	55.40	51.69	36.93	54.51	12.68	49.64	61.91	31.98	32.27	
22.27	5.19	30.71	43.71	10.57	41.43	0.00	50.96	40.51	42.66	26.36	26.15	16.29	39.73	43.38	52.93	51.34	17.62	43.98	26.52	48.58	47.23	38.47	10.70	50.67	13.24	9.68	40.95	13.71	31.83	12.39	40.11	11.74	29.99	49.43	40.17	30.66	6.38	9.52	37.32	36.29	30.64	6.56	27.12	42.76	53.86	35.64	32.97	49.73	39.71	35.81	36.97	30.16	40.46	8.16	27.12	55.34	0.73	42.28	17.39	47.96	48.08	21.10	15.60	27.88	24.08	41.09	36.54	51.16	13.69	29.22	11.50	36.87	47.07	12.62	
29.26	53.43	49.80	53.67	41.18	58.92	50.96	0.00	60.07	63.23	24.99	37.84	39.87	25.80	59.19	7.69	40.77	43.42	63.26	40.61	31.01	4.26	36.05	55.32	30.58	52.95	58.42	22.75	57.29	26.06	45.51	11.00	39.44	34.37	21.82	27.98	58.76	50.54	44.00	51.03	15.84	42.63	57.49	50.37	32.97	29.60	25.99	18.48	31.53	26.39	28.88	15.54	20.87	64.34	55.52	40.50	15.86	51.43	9.99	55.74	34.17	25.36	31.11	47.30	59.22	59.21	10.91	14.77	28.98	59.24	50.75	44.74	23.96	31.12	57.53	
46.60	36.36	11.91	9.80	43.81	2.16	40.51	60.07	0.00	3.19	47.61	24.34	30.24	34.75	4.09	56.48	28.96	54.66	3.77	21.51	34.92	58.72	24.69	51.09	36.98	53.67	48.47	37.86	29.38	58.23	29.59	51.25	42.35	61.87	72.16	32.87	10.80	46.67	34.03	9.10	54.02	17.97	41.44	14.15	29.39	40.68	34.08	50.95	35.40	34.20	64.31	45.79	47.82	5.26	48.20	21.31	52.81	40.03	57.19	24.21	31.73	73.01	37.27	54.48	14.30	18.72	56.20	52.39	38.71	53.41	12.34	49.07	62.26	33.70	30.91	
49.60	38.32	14.95	11.99	46.44	4.55	42.66	63.23	3.19	0.00	50.69	27.48	33.08	37.86	5.47	59.58	31.32	57.26	1.63	24.63	37.70	61.90	27.75	53.14	39.71	55.87	50.31	40.97	30.97	61.28	32.12	54.44	45.05	64.78	75.32	35.95	12.25	48.89	36.58	12.22	57.19	21.16	43.19	16.89	32.33	43.37	37.26	54.11	38.14	37.30	67.34	48.99	50.96	3.75	50.19	24.45	55.78	42.15	60.39	25.93	34.46	76.15	40.32	56.93	15.58	20.00	59.39	55.57	41.47	55.30	15.21	51.57	65.35	36.53	32.50	
4.28	29.50	35.74	45.04	16.25	47.30	26.36	24.99	47.61	50.69	0.00	23.43	19.32	24.43	48.42	28.32	41.65	19.72	51.33	26.15	34.43	21.05	30.35	30.40	35.71	28.34	33.44	23.58	34.93	10.79	23.79	14.70	14.65	16.77	25.72	26.22	42.27	25.55	20.94	39.96	9.94	30.23	32.92	34.46	31.37	37.50	20.83	6.62	35.53	24.80	16.98	13.65	4.35	50.40	30.53	26.41	32.86	26.91	15.92	34.84	35.73	25.81	10.50	23.18	41.44	39.95	14.74	10.27	35.25	34.36	35.73	19.92	14.68	33.39	34.80	
22.97	24.85	12.69	21.96	23.91	23.90	26.15	37.84	24.34	27.48	23.43	0.00	10.11	16.32	24.99	36.05	25.19	34.30	28.01	2.91	23.25	35.74	12.33	36.12	25.50	37.01	35.82	18.74	23.80	34.17	14.22	27.90	21.82	38.70	47.87	15.80	20.96	30.55	16.74	16.56	29.79	6.87	30.69	12.57	16.98	29.06	13.30	26.64	24.33	16.05	40.33	22.57	23.48	27.63	34.14	3.03	35.05	26.09	33.42	20.25	22.10	48.67	13.46	35.46	21.43	21.96	32.35	28.28	26.36	39.63	13.19	29.96	38.01	21.68	24.73	
17.12	15.85	18.56	30.43	14.30	30.44	16.29	39.87	30.24	33.08	19.32	10.11	0.00	23.86	31.98	40.01	35.23	25.07	34.00	11.18	32.35	36.87	22.29	26.03	34.47	26.93	25.96	25.46	17.52	29.08	5.83	28.98	12.46	31.74	45.04	24.07	23.32	20.44	6.77	24.32	28.12	15.74	21.43	16.21	26.48	37.76	19.93	24.59	33.48	23.78	34.86	24.49	21.23	32.14	24.13	11.73	40.91	16.31	33.13	16.04	31.67	45.02	9.26	25.75	22.19	20.66	31.94	27.34	35.05	29.58	17.90	20.20	33.65	30.82	17.95	
26.73	39.71	25.70	27.88	33.90	33.43	39.73	25.80	34.75	37.86	24.43	16.32	23.86	0.00	33.53	21.73	17.73	42.10	37.75	18.28	10.08	25.26	10.28	48.28	11.65	47.96	49.21	3.12	39.93	33.94	29.31	19.07	31.58	41.11	42.04	2.30	35.31	42.58	30.38	25.65	24.91	18.50	45.25	27.34	7.86	14.30	4.19	23.29	11.21	0.60	39.82	14.23	21.60	39.35	46.99	17.91	19.07	39.87	25.49	36.57	11.40	44.11	20.04	44.58	36.64	37.89	24.84	22.63	11.68	52.15	27.10	39.71	35.90	8.97	40.76	
47.76	39.46	13.44	6.59	45.93	2.15	43.38	59.19	4.09	5.47	48.42	24.99	31.98	33.53	0.00	55.14	25.90	56.80	4.59	22.31	32.61	58.11	23.28	54.04	34.55	56.42	51.66	36.64	32.84	59.15	32.00	50.87	44.32	63.28	72.38	31.51	14.57	49.41	36.35	8.55	54.20	18.25	44.71	16.43	27.51	38.15	33.35	51.28	32.98	32.96	65.29	45.43	48.26	8.84	51.22	22.02	50.97	42.94	56.98	27.61	29.29	73.45	38.30	56.87	18.10	22.46	56.04	52.45	36.35	56.52	14.42	51.39	62.97	31.50	34.37	
32.50	54.73	47.10	49.24	43.90	55.13	52.93	7.69	56.48	59.58	28.32	36.05	40.01	21.73	55.14	0.00	34.64	47.75	59.43	38.61	24.91	10.87	31.88	58.55	24.12	56.66	61.13	18.63	57.51	31.75	45.82	13.68	41.91	40.21	29.49	23.65	56.49	53.40	45.05	47.38	20.72	39.84	59.33	48.24	27.98	22.62	23.10	22.46	25.25	22.28	35.38	15.97	23.98	61.07	58.36	38.38	8.19	53.32	15.90	55.29	28.27	32.96	32.10	51.42	57.40	57.96	16.44	18.98	22.39	62.54	48.31	48.20	30.44	25.29	57.95	
43.37	49.71	26.10	19.33	48.19	26.94	51.34	40.77	28.96	31.32	41.65	25.19	35.23	17.73	25.90	34.64	0.00	57.71	30.47	25.06	9.77	41.35	12.97	61.25	10.64	61.86	60.99	19.77	46.94	51.56	39.22	36.28	45.94	58.43	59.27	15.63	34.88	55.62	41.92	21.62	42.59	21.74	55.60	29.58	10.29	13.35	20.85	41.00	9.39	17.23	57.51	31.83	39.19	34.22	59.32	24.46	28.30	51.26	42.63	42.25	6.71	61.58	35.18	59.57	37.60	40.63	42.11	40.29	12.49	64.80	28.14	54.27	53.63	9.75	48.18	
16.00	22.77	43.39	55.50	10.87	55.12	17.62	43.42	54.66	57.26	19.72	34.30	25.07	42.10	56.80	47.75	57.71	0.00	58.36	36.02	52.12	39.20	45.07	14.13	53.74	10.42	18.85	42.01	31.11	18.74	25.16	34.08	12.62	13.68	35.35	43.43	46.07	12.31	20.69	49.37	27.58	40.65	22.40	40.53	47.74	56.07	38.02	25.31	53.27	42.34	20.54	33.33	24.01	55.69	15.98	36.53	52.58	18.35	33.53	33.97	52.68	33.12	22.55	4.12	43.83	40.58	32.53	28.91	53.61	17.37	42.44	6.19	23.21	50.85	30.15	
50.36	39.70	15.67	11.18	47.52	4.34	43.98	63.26	3.77	1.63	51.33	28.01	34.00	37.75	4.59	59.43	30.47	58.36	0.00	25.20	37.17	62.04	27.56	54.50	39.13	57.17	51.73	40.86	32.45	61.97	33.26	54.66	46.08	65.64	75.77	35.78	13.73	50.18	37.71	12.25	57.62	21.53	44.64	17.88	31.96	42.74	37.33	54.58	37.56	37.18	68.06	49.20	51.47	5.34	51.57	24.99	55.43	43.48	60.67	27.38	33.87	76.67	41.02	58.12	17.10	21.53	59.69	55.95	40.91	56.71	16.10	52.73	65.97	36.04	33.99	
25.48	24.65	9.79	19.69	25.40	21.15	26.52	40.61	21.51	24.63	26.15	2.91	11.18	18.28	22.31	38.61	25.06	36.02	25.20	0.00	24.26	38.59	12.65	36.81	26.56	38.01	36.10	20.90	22.61	36.86	14.22	30.77	23.43	41.11	50.75	17.46	18.14	31.36	17.39	14.00	32.69	4.63	30.55	9.76	17.79	30.25	15.64	29.52	25.29	17.94	42.99	25.42	26.34	24.72	34.63	0.60	37.24	26.38	36.32	18.62	22.72	51.52	15.99	36.91	18.79	19.64	35.26	31.20	27.58	40.15	10.29	31.36	40.78	22.68	23.67	
36.81	47.93	28.80	26.16	43.60	33.16	48.58	31.01	34.92	37.70	34.43	23.25	32.35	10.08	32.61	24.91	9.77	52.12	37.17	24.26	0.00	31.71	12.05	57.66	2.32	57.62	58.20	11.10	46.85	43.61	37.31	27.11	41.28	51.02	49.94	8.74	38.42	51.96	39.08	26.32	33.90	22.56	53.68	31.52	6.56	6.16	14.10	32.74	1.17	9.79	49.33	23.12	31.39	40.04	56.16	23.73	18.98	48.64	33.33	42.80	3.48	52.43	29.84	54.49	40.52	42.72	32.91	31.55	3.81	61.45	30.63	49.51	45.16	1.58	47.88	
25.31	49.90	48.03	52.88	37.29	57.70	47.23	4.26	58.72	61.90	21.05	35.74	36.87	25.26	58.11	10.87	41.35	39.20	62.04	38.59	31.71	0.00	35.31	51.26	31.59	48.82	54.47	22.37	54.13	21.81	42.39	7.97	35.62	30.14	19.09	27.52	56.70	46.57	40.62	49.79	11.66	40.99	53.78	48.31	32.83	31.10	24.76	14.47	32.36	25.85	24.80	13.17	17.07	62.78	51.55	38.53	18.66	47.73	5.73	52.86	34.65	22.33	27.88	43.11	56.94	56.66	6.68	10.77	30.14	55.16	48.84	40.67	19.85	31.60	54.30	
31.42	37.11	16.94	17.62	35.31	23.27	38.47	36.05	24.69	27.75	30.35	12.33	22.29	10.28	23.28	31.88	12.97	45.07	27.56	12.65	12.05	35.31	0.00	48.29	14.38	48.90	48.14	13.38	35.18	40.83	26.52	28.60	33.08	46.96	51.19	8.23	26.65	42.66	29.01	15.63	33.36	10.51	42.97	19.48	5.52	18.20	10.93	31.07	12.97	9.69	46.98	23.34	28.66	29.48	46.41	12.08	28.23	38.42	34.96	30.91	10.11	52.88	22.67	46.75	28.56	30.66	34.17	31.27	15.68	51.87	18.68	41.40	43.63	10.52	36.29	
26.14	14.86	41.42	54.40	14.86	52.07	10.70	55.32	51.09	53.14	30.40	36.12	26.03	48.28	54.04	58.55	61.25	14.13	54.50	36.81	57.66	51.26	48.29	0.00	59.63	4.38	5.11	49.04	23.01	32.36	22.93	45.05	17.08	27.79	49.40	49.03	41.02	5.71	19.44	48.01	39.69	41.08	11.18	37.82	52.20	62.57	44.09	36.83	58.83	48.35	34.66	42.98	34.68	50.78	3.17	37.40	62.12	11.10	45.81	27.44	57.40	47.25	28.49	10.27	38.05	34.00	44.70	40.54	59.92	4.01	39.92	10.61	37.08	56.21	21.62	
38.27	50.11	31.09	28.05	45.45	35.17	50.67	30.58	36.98	39.71	35.71	25.50	34.47	11.65	34.55	24.12	10.64	53.74	39.13	26.56	2.32	31.59	14.38	59.63	0.00	59.49	60.27	12.16	49.14	44.59	39.50	27.52	43.12	52.17	50.12	10.60	40.69	53.93	41.19	28.48	34.58	24.88	55.84	33.84	8.88	3.85	15.79	33.64	1.58	11.45	50.19	23.87	32.49	42.13	58.18	26.04	17.67	50.74	33.60	45.11	5.26	52.75	31.63	56.22	42.82	45.04	33.26	32.21	1.88	63.45	32.93	51.31	45.90	3.89	50.16	
24.17	18.02	43.48	56.33	14.06	54.52	13.24	52.95	53.67	55.87	28.34	37.01	26.93	47.96	56.42	56.66	61.86	10.42	57.17	38.01	57.62	48.82	48.90	4.38	59.49	0.00	9.49	48.45	26.45	29.07	24.69	43.03	16.38	23.89	45.75	48.91	43.91	7.01	20.74	49.97	37.17	42.45	15.17	40.05	52.47	62.24	43.77	34.53	58.79	48.09	30.89	41.43	32.68	53.70	7.26	38.59	60.73	13.80	43.24	30.55	57.62	43.44	27.94	6.34	41.10	37.21	42.18	38.23	59.64	6.97	42.12	8.56	33.62	56.22	25.15	
29.16	12.25	39.56	52.60	17.28	49.62	9.68	58.42	48.47	50.31	33.44	35.82	25.96	49.21	51.66	61.13	60.99	18.85	51.73	36.10	58.20	54.47	48.14	5.11	60.27	9.49	0.00	50.28	19.53	36.53	21.89	47.87	19.22	32.52	53.82	49.73	38.07	7.91	19.18	46.23	43.05	40.10	7.20	35.81	52.43	63.40	45.07	40.00	59.35	49.22	39.24	45.31	37.58	47.72	3.01	36.70	64.15	9.74	49.17	24.38	57.63	51.84	30.01	15.19	34.91	30.69	48.02	43.70	60.71	5.11	37.90	14.43	41.37	56.70	18.05	
26.30	41.28	28.67	30.96	34.43	36.54	40.95	22.75	37.86	40.97	23.58	18.74	25.46	3.12	36.64	18.63	19.77	42.01	40.86	20.90	11.10	22.37	13.38	49.04	12.16	48.45	50.28	0.00	42.03	32.52	31.09	16.56	32.12	40.01	39.58	5.23	38.23	43.39	31.77	28.76	22.91	21.44	46.69	30.17	10.48	14.07	5.60	21.64	12.12	3.69	38.23	12.12	20.34	42.44	47.94	20.57	16.34	41.14	22.96	38.90	13.16	41.81	20.57	44.72	39.45	40.54	22.38	20.58	11.69	52.97	30.02	40.06	34.11	10.35	42.78	
31.56	8.55	22.18	34.80	22.12	30.73	13.71	57.29	29.38	30.97	34.93	23.80	17.52	39.93	32.84	57.51	46.94	31.11	32.45	22.61	46.85	54.13	35.18	23.01	49.14	26.45	19.53	42.03	0.00	42.79	11.78	46.33	22.12	42.56	60.04	39.58	18.73	19.97	14.00	28.68	44.56	25.21	12.33	18.27	40.39	52.79	36.43	41.02	47.89	39.71	47.63	42.00	37.76	28.24	19.88	23.15	58.01	13.03	50.02	5.27	45.28	59.29	26.25	29.32	15.45	11.16	48.81	44.15	50.10	24.61	20.24	24.92	47.78	45.27	1.54	
11.96	36.03	46.33	55.82	21.33	57.99	31.83	26.06	58.23	61.28	10.79	34.17	29.08	33.94	59.15	31.75	51.56	18.74	61.97	36.86	43.61	21.81	40.83	32.36	44.59	29.07	36.53	32.52	42.79	0.00	32.69	18.99	20.78	8.47	17.61	35.95	52.37	28.88	29.06	50.72	11.21	40.99	38.05	44.82	41.34	45.82	30.77	11.00	44.64	34.39	6.20	20.88	12.37	60.83	33.52	37.13	38.12	32.50	16.12	43.63	45.33	16.49	20.96	22.85	51.24	49.30	15.39	13.35	43.84	35.92	46.21	22.11	5.05	42.76	42.38	
20.90	10.63	18.83	31.64	14.44	30.20	12.39	45.51	29.59	32.12	23.79	14.22	5.83	29.31	32.00	45.82	39.22	25.16	33.26	14.22	37.31	42.39	26.52	22.93	39.50	24.69	21.89	31.09	11.78	32.69	0.00	34.56	13.35	34.05	49.37	29.33	21.03	17.76	4.48	25.28	33.13	18.25	16.47	15.57	31.17	42.93	25.51	29.58	38.42	29.18	38.09	30.23	26.27	30.55	20.55	14.83	46.70	12.19	38.41	11.06	36.31	49.01	14.53	24.90	19.14	16.67	37.21	32.56	40.21	26.08	17.59	19.47	37.50	35.75	12.14	
18.92	42.45	40.32	45.93	30.59	50.33	40.11	11.00	51.25	54.44	14.70	27.90	28.98	19.07	50.87	13.68	36.28	34.08	54.66	30.77	27.11	7.97	28.60	45.05	27.52	43.03	47.87	16.56	46.33	18.99	34.56	0.00	28.73	27.39	23.02	21.36	48.83	40.05	33.01	42.44	7.83	33.38	46.62	40.45	26.91	27.96	17.73	8.84	27.96	19.65	23.66	5.45	10.38	55.15	45.02	30.74	19.19	40.56	6.43	44.93	29.61	25.33	20.12	37.74	49.00	48.70	5.83	5.65	26.40	49.03	41.05	34.61	18.96	26.67	46.55	
10.54	15.35	30.89	42.88	2.32	42.70	11.74	39.44	42.35	45.05	14.65	21.82	12.46	31.58	44.32	41.91	45.94	12.62	46.08	23.43	41.28	35.62	33.08	17.08	43.12	16.38	19.22	32.12	22.12	20.78	13.35	28.73	0.00	20.85	38.25	32.55	34.34	11.60	9.03	36.78	24.56	28.05	18.28	28.20	36.29	45.86	27.39	21.27	42.44	31.71	25.52	26.11	18.57	43.73	16.49	23.95	45.10	12.31	30.58	23.56	41.39	37.26	11.57	13.70	32.48	29.77	29.39	24.88	43.26	21.07	30.04	8.33	25.81	39.89	21.62	
15.79	34.83	50.03	60.66	20.46	61.90	29.99	34.37	61.87	64.78	16.77	38.70	31.74	41.11	63.28	40.21	58.43	13.68	65.64	41.11	51.02	30.14	46.96	27.79	52.17	23.89	32.52	40.01	42.56	8.47	34.05	27.39	20.85	0.00	22.11	42.96	54.80	25.60	29.86	55.11	19.65	45.55	35.54	47.94	48.14	53.65	37.60	19.05	52.09	41.51	7.16	28.84	19.68	63.87	29.61	41.48	46.56	30.72	24.51	44.40	52.46	19.57	25.26	17.58	53.17	50.61	23.82	21.73	51.55	30.86	49.57	18.83	11.05	50.05	41.86	
28.54	53.57	60.54	68.03	38.92	71.56	49.43	21.82	72.16	75.32	25.72	47.87	45.04	42.04	72.38	29.49	59.27	35.35	75.77	50.75	49.94	19.09	51.19	49.40	50.12	45.75	53.82	39.58	60.04	17.61	49.37	23.02	38.25	22.11	0.00	44.32	67.77	46.33	46.12	63.83	18.18	54.25	55.65	59.74	49.90	49.99	40.27	21.23	50.71	42.61	14.95	27.92	24.46	75.44	50.83	50.89	37.58	50.10	16.64	60.43	52.58	4.01	36.04	39.41	67.11	65.67	17.21	20.02	48.81	52.72	60.81	39.49	12.58	49.60	59.72	
28.31	39.85	24.24	25.75	34.87	31.48	40.17	27.98	32.87	35.95	26.22	15.80	24.07	2.30	31.51	23.65	15.63	43.43	35.78	17.46	8.74	27.52	8.23	49.03	10.60	48.91	49.73	5.23	39.58	35.95	29.33	21.36	32.55	42.96	44.32	0.00	33.93	43.32	30.72	23.78	27.11	17.16	45.50	26.14	5.60	13.70	5.47	25.39	9.90	1.71	41.88	16.48	23.58	37.57	47.61	17.04	20.41	40.27	27.79	35.98	9.51	46.37	21.11	45.76	35.43	36.92	27.13	24.86	10.99	52.85	25.75	40.77	38.03	7.42	40.48	
40.42	26.16	9.73	18.16	35.46	12.42	30.66	58.76	10.80	12.25	42.27	20.96	23.32	35.31	14.57	56.49	34.88	46.07	13.73	18.14	38.42	56.70	26.65	41.02	40.69	43.91	38.07	38.23	18.73	52.37	21.03	48.83	34.34	54.80	67.77	33.93	0.00	36.98	25.48	13.40	50.07	16.81	30.95	8.39	32.08	44.55	33.39	46.71	39.18	34.86	58.17	43.53	43.39	9.80	38.03	18.27	54.32	30.12	54.18	13.69	35.77	68.07	31.79	45.38	3.53	7.92	53.07	48.81	42.18	43.08	8.22	40.17	56.83	36.97	20.26	
21.27	11.42	36.50	49.39	9.51	47.51	6.38	50.54	46.67	48.89	25.55	30.55	20.44	42.58	49.41	53.40	55.62	12.31	50.18	31.36	51.96	46.57	42.66	5.71	53.93	7.01	7.91	43.39	19.97	28.88	17.76	40.05	11.60	25.60	46.33	43.32	36.98	0.00	13.98	43.02	35.14	35.71	10.10	33.05	46.51	56.87	38.40	32.11	53.12	42.65	32.01	37.68	29.73	46.77	4.98	31.94	56.70	7.00	41.26	23.76	51.70	44.55	22.86	9.58	34.24	30.45	40.12	35.80	54.22	9.58	35.12	6.87	33.80	50.50	18.78	
17.59	9.73	23.07	35.72	9.98	34.59	9.52	44.00	34.03	36.58	20.94	16.74	6.77	30.38	36.35	45.05	41.92	20.69	37.71	17.39	39.08	40.62	29.01	19.44	41.19	20.74	19.18	31.77	14.00	29.06	4.48	33.01	9.03	29.86	46.12	30.72	25.48	13.98	0.00	29.40	30.64	21.74	14.92	19.96	33.25	44.42	26.35	27.12	40.23	30.34	34.22	29.15	23.93	35.02	17.40	17.97	46.71	9.56	36.24	14.66	38.45	45.51	12.99	20.52	23.48	20.75	35.03	30.36	41.71	22.88	21.94	15.05	33.98	37.57	13.88	
39.47	34.01	6.67	6.39	38.55	7.91	37.32	51.03	9.10	12.22	39.96	16.56	24.32	25.65	8.55	47.38	21.62	49.37	12.25	14.00	26.32	49.79	15.63	48.01	28.48	49.97	46.23	28.76	28.68	50.72	25.28	42.44	36.78	55.11	63.83	23.78	13.40	43.02	29.40	0.00	45.65	9.74	39.65	10.52	20.49	32.27	25.08	42.73	26.91	25.10	56.89	36.99	39.72	13.88	45.40	13.65	43.82	36.98	48.50	23.46	23.31	64.90	29.97	49.79	16.42	20.05	47.54	43.90	30.13	50.86	8.47	44.25	54.47	25.01	30.14	
14.05	39.43	42.48	49.91	26.05	53.39	36.29	15.84	54.02	57.19	9.94	29.79	28.12	24.91	54.20	20.72	42.59	27.58	57.62	32.69	33.90	11.66	33.36	39.69	34.58	37.17	43.05	22.91	44.56	11.21	33.13	7.83	24.56	19.65	18.18	27.11	50.07	35.14	30.64	45.65	0.00	36.09	42.85	41.89	32.70	35.38	22.54	3.55	34.84	25.44	15.90	10.80	6.89	57.41	40.10	32.80	26.92	36.84	6.13	44.05	36.06	19.53	18.86	31.46	49.69	48.69	5.01	2.37	33.63	43.56	42.85	29.08	11.35	33.26	44.52	
29.83	28.34	7.26	15.13	30.01	17.31	30.64	42.63	17.97	21.16	30.23	6.87	15.74	18.50	18.25	39.84	21.74	40.65	21.53	4.63	22.56	40.99	10.51	41.08	24.88	42.45	40.10	21.44	25.21	40.99	18.25	33.38	28.05	45.55	54.25	17.16	16.81	35.71	21.74	9.74	36.09	0.00	34.23	9.07	16.01	28.70	16.80	33.09	23.47	18.05	47.16	27.94	30.03	21.79	38.79	4.15	37.52	30.44	39.25	20.65	20.47	55.23	20.32	41.49	18.31	20.17	38.24	34.42	26.15	44.32	8.60	35.95	44.73	21.02	26.43	
28.82	5.90	32.98	45.97	16.99	42.65	6.56	57.49	41.44	43.19	32.92	30.69	21.43	45.25	44.71	59.33	55.60	22.40	44.64	30.55	53.68	53.78	42.97	11.18	55.84	15.17	7.20	46.69	12.33	38.05	16.47	46.62	18.28	35.54	55.65	45.50	30.95	10.10	14.92	39.65	42.85	34.23	0.00	29.15	47.61	59.18	41.25	39.53	54.80	45.19	41.71	43.36	36.71	40.55	8.02	31.14	61.48	6.06	48.84	17.26	52.77	54.13	27.34	19.52	27.75	23.50	47.65	43.10	56.46	12.30	31.23	16.71	43.07	52.13	10.85	
32.98	23.57	3.91	16.82	29.67	14.63	27.12	50.37	14.15	16.89	34.46	12.57	16.21	27.34	16.43	48.24	29.58	40.53	17.88	9.76	31.52	48.31	19.48	37.82	33.84	40.05	35.81	30.17	18.27	44.82	15.57	40.45	28.20	47.94	59.74	26.14	8.39	33.05	19.96	10.52	41.89	9.07	29.15	0.00	25.00	37.67	25.16	38.58	32.39	26.92	50.78	35.14	35.29	16.02	35.11	9.90	46.41	26.73	45.85	13.14	29.23	60.20	23.97	40.46	9.30	11.24	44.76	40.55	35.16	40.52	2.10	35.01	49.11	30.00	19.70	
33.12	41.80	22.40	21.36	38.58	27.78	42.76	32.97	29.39	32.33	31.37	16.98	26.48	7.86	27.51	27.98	10.29	47.74	31.96	17.79	6.56	32.83	5.52	52.20	8.88	52.47	52.43	10.48	40.39	41.34	31.17	26.91	36.29	48.14	49.90	5.60	32.08	46.51	33.25	20.49	32.70	16.01	47.61	25.00	0.00	12.69	10.58	30.91	7.53	7.30	47.33	22.08	28.97	34.36	50.52	17.25	23.47	42.77	33.33	36.27	5.20	51.97	25.20	49.79	34.06	36.17	32.69	30.45	10.17	55.90	24.18	44.61	43.56	5.01	41.45	
40.35	53.50	34.95	31.61	48.19	38.84	53.86	29.60	40.68	43.37	37.50	29.06	37.76	14.30	38.15	22.62	13.35	56.07	42.74	30.25	6.16	31.10	18.20	62.57	3.85	62.24	63.40	14.07	52.79	45.82	42.93	27.96	45.86	53.65	49.99	13.70	44.55	56.87	44.42	32.27	35.38	28.70	59.18	37.67	12.69	0.00	18.49	34.82	5.38	14.23	51.20	24.94	34.01	45.85	61.24	29.74	15.41	53.96	33.74	48.83	8.97	52.84	34.31	58.72	46.67	48.86	33.53	33.02	2.72	66.43	36.78	53.95	46.73	7.68	53.77	
22.84	35.78	24.05	28.22	29.71	32.98	35.64	25.99	34.08	37.26	20.83	13.30	19.93	4.19	33.35	23.10	20.85	38.02	37.33	15.64	14.10	24.76	10.93	44.09	15.79	43.77	45.07	5.60	36.43	30.77	25.51	17.73	27.39	37.60	40.27	5.47	33.39	38.40	26.35	25.08	22.54	16.80	41.25	25.16	10.58	18.49	0.00	20.48	15.25	4.34	36.79	12.42	18.41	38.37	42.83	15.36	21.78	35.79	24.06	33.36	14.95	42.03	15.85	40.43	34.37	35.22	23.25	20.40	15.87	47.97	25.22	35.53	33.13	12.85	37.18	
10.85	35.98	39.31	47.21	22.86	50.39	32.97	18.48	50.95	54.11	6.62	26.64	24.59	23.29	51.28	22.46	41.00	25.31	54.58	29.52	32.74	14.47	31.07	36.83	33.64	34.53	40.00	21.64	41.02	11.00	29.58	8.84	21.27	19.05	21.23	25.39	46.71	32.11	27.12	42.73	3.55	33.09	39.53	38.58	30.91	34.82	20.48	0.00	33.75	23.77	16.59	9.88	3.37	54.22	37.08	29.66	27.87	33.50	9.32	40.51	34.63	22.19	15.34	29.05	46.26	45.19	8.12	3.71	32.86	40.76	39.60	26.26	12.66	31.96	41.00	
37.94	49.04	29.60	26.49	44.77	33.60	49.73	31.53	35.40	38.14	35.53	24.33	33.48	11.21	32.98	25.25	9.39	53.27	37.56	25.29	1.17	32.36	12.97	58.83	1.58	58.79	59.35	12.12	47.89	44.64	38.42	27.96	42.44	52.09	50.71	9.90	39.18	53.12	40.23	26.91	34.84	23.47	54.80	32.39	7.53	5.38	15.25	33.75	0.00	10.94	50.33	24.07	32.45	40.55	57.32	24.75	19.03	49.78	34.14	43.79	3.69	53.26	31.01	55.65	41.33	43.60	33.74	32.48	3.39	62.61	31.45	50.67	46.13	2.67	48.93	
27.04	39.61	25.22	27.29	34.03	32.87	39.71	26.39	34.20	37.30	24.80	16.05	23.78	0.60	32.96	22.28	17.23	42.34	37.18	17.94	9.79	25.85	9.69	48.35	11.45	48.09	49.22	3.69	39.71	34.39	29.18	19.65	31.71	41.51	42.61	1.71	34.86	42.65	30.34	25.10	25.44	18.05	45.19	26.92	7.30	14.23	4.34	23.77	10.94	0.00	40.29	14.78	22.04	38.82	47.02	17.55	19.49	39.84	26.07	36.29	10.96	44.66	20.19	44.77	36.22	37.53	25.41	23.17	11.57	52.21	26.65	39.87	36.40	8.62	40.56	
17.80	40.37	52.40	62.02	25.65	64.11	35.81	28.88	64.31	67.34	16.98	40.33	34.86	39.82	65.29	35.38	57.51	20.54	68.06	42.99	49.33	24.80	46.98	34.66	50.19	30.89	39.24	38.23	47.63	6.20	38.09	23.66	25.52	7.16	14.95	41.88	58.17	32.01	34.22	56.89	15.90	47.16	41.71	50.78	47.33	51.20	36.79	16.59	50.33	40.29	0.00	26.33	18.39	66.80	36.28	43.28	42.37	36.52	19.49	48.88	51.19	12.60	27.04	24.55	56.90	54.76	19.06	18.23	49.35	37.86	52.22	25.15	4.95	48.54	47.08	
17.42	38.80	34.91	40.55	28.18	44.88	36.97	15.54	45.79	48.99	13.65	22.57	24.49	14.23	45.43	15.97	31.83	33.33	49.20	25.42	23.12	13.17	23.34	42.98	23.87	41.43	45.31	12.12	42.00	20.88	30.23	5.45	26.11	28.84	27.92	16.48	43.53	37.68	29.15	36.99	10.80	27.94	43.36	35.14	22.08	24.94	12.42	9.88	24.07	14.78	26.33	0.00	9.55	49.72	42.59	25.36	19.32	37.35	11.65	40.25	25.27	29.88	16.17	36.66	43.81	43.69	10.83	8.47	23.02	46.99	35.68	32.88	22.05	22.46	42.34	
8.54	32.95	36.12	44.37	20.32	47.31	30.16	20.87	47.82	50.96	4.35	23.48	21.23	21.60	48.26	23.98	39.19	24.01	51.47	26.34	31.39	17.07	28.66	34.68	32.49	32.68	37.58	20.34	37.76	12.37	26.27	10.38	18.57	19.68	24.46	23.58	43.39	29.73	23.93	39.72	6.89	30.03	36.71	35.29	28.97	34.01	18.41	3.37	32.45	22.04	18.39	9.55	0.00	50.99	34.71	26.51	28.59	30.66	12.33	37.17	33.00	25.21	11.98	27.53	42.90	41.82	11.11	6.46	31.88	38.65	36.36	24.24	15.02	30.48	37.78	
49.00	35.92	14.94	15.03	44.98	7.33	40.46	64.34	5.26	3.75	50.40	27.63	32.14	39.35	8.84	61.07	34.22	55.69	5.34	24.72	40.04	62.78	29.48	50.78	42.13	53.70	47.72	42.44	28.24	60.83	30.55	55.15	43.73	63.87	75.44	37.57	9.80	46.77	35.02	13.88	57.41	21.79	40.55	16.02	34.36	45.85	38.37	54.22	40.55	38.82	66.80	49.72	50.99	0.00	47.77	24.64	57.70	39.92	60.93	23.38	36.90	76.07	39.93	55.12	12.80	17.11	59.89	55.91	43.84	52.76	14.68	49.86	65.07	38.79	29.75	
26.26	11.87	38.77	51.79	14.46	49.23	8.16	55.52	48.20	50.19	30.53	34.14	24.13	46.99	51.22	58.36	59.32	15.98	51.57	34.63	56.16	51.55	46.41	3.17	58.18	7.26	3.01	47.94	19.88	33.52	20.55	45.02	16.49	29.61	50.83	47.61	38.03	4.98	17.40	45.40	40.10	38.79	8.02	35.11	50.52	61.24	42.83	37.08	57.32	47.02	36.28	42.59	34.71	47.77	0.00	35.23	61.54	8.43	46.22	24.40	55.72	48.88	27.52	12.45	35.01	30.92	45.08	40.78	58.56	5.53	37.21	11.42	38.37	54.68	18.49	
25.82	25.25	9.70	19.26	25.93	20.90	27.12	40.50	21.31	24.45	26.41	3.03	11.73	17.91	22.02	38.38	24.46	36.53	24.99	0.60	23.73	38.53	12.08	37.40	26.04	38.59	36.70	20.57	23.15	37.13	14.83	30.74	23.95	41.48	50.89	17.04	18.27	31.94	17.97	13.65	32.80	4.15	31.14	9.90	17.25	29.74	15.36	29.66	24.75	17.55	43.28	25.36	26.51	24.64	35.23	0.00	36.90	26.98	36.35	19.11	22.16	51.70	16.32	37.44	19.02	19.99	35.29	31.27	27.08	40.75	10.32	31.90	41.01	22.16	24.23	
36.74	56.42	44.65	44.72	47.26	51.24	55.34	15.86	52.81	55.78	32.86	35.05	40.91	19.07	50.97	8.19	28.30	52.58	55.43	37.24	18.98	18.66	28.23	62.12	17.67	60.73	64.15	16.34	58.01	38.12	46.70	19.19	45.10	46.56	37.58	20.41	54.32	56.70	46.71	43.82	26.92	37.52	61.48	46.41	23.47	15.41	21.78	27.87	19.03	19.49	42.37	19.32	28.59	57.70	61.54	36.90	0.00	55.64	23.04	55.12	22.46	40.95	34.25	55.97	55.70	56.88	23.33	24.84	15.81	66.13	46.12	52.17	37.49	19.75	58.66	
22.84	4.49	30.35	43.37	11.21	40.99	0.73	51.43	40.03	42.15	26.91	26.09	16.31	39.87	42.94	53.32	51.26	18.35	43.48	26.38	48.64	47.73	38.42	11.10	50.74	13.80	9.74	41.14	13.03	32.50	12.19	40.56	12.31	30.72	50.10	40.27	30.12	7.00	9.56	36.98	36.84	30.44	6.06	26.73	42.77	53.96	35.79	33.50	49.78	39.84	36.52	37.35	30.66	39.92	8.43	26.98	55.64	0.00	42.82	16.78	47.97	48.77	21.42	16.30	27.30	23.46	41.62	37.06	51.26	13.94	28.83	12.23	37.54	47.12	11.91	
20.11	45.25	46.02	52.19	32.12	56.37	42.28	9.99	57.19	60.39	15.92	33.42	33.13	25.49	56.98	15.90	42.63	33.53	60.67	36.32	33.33	5.73	34.96	45.81	33.60	43.24	49.17	22.96	50.02	16.12	38.41	6.43	30.58	24.51	16.64	27.79	54.18	41.26	36.24	48.50	6.13	39.25	48.84	45.85	33.33	33.74	24.06	9.32	34.14	26.07	19.49	11.65	12.33	60.93	46.22	36.35	23.04	42.82	0.00	49.17	35.94	19.15	23.92	37.47	54.10	53.44	1.21	5.88	32.38	49.68	46.61	35.20	14.55	32.96	50.07	
31.93	12.59	17.03	29.54	24.07	25.51	17.39	55.74	24.21	25.93	34.84	20.25	16.04	36.57	27.61	55.29	42.25	33.97	27.38	18.62	42.80	52.86	30.91	27.44	45.11	30.55	24.38	38.90	5.27	43.63	11.06	44.93	23.56	44.40	60.43	35.98	13.69	23.76	14.66	23.46	44.05	20.65	17.26	13.14	36.27	48.83	33.36	40.51	43.79	36.29	48.88	40.25	37.17	23.38	24.40	19.11	55.12	16.78	49.17	0.00	41.01	60.02	25.27	32.69	10.61	6.70	47.98	43.37	46.19	29.40	15.05	27.84	48.50	41.22	6.79	
37.78	46.94	26.28	22.80	43.70	29.92	47.96	34.17	31.73	34.46	35.73	22.10	31.67	11.40	29.29	28.27	6.71	52.68	33.87	22.72	3.48	34.65	10.11	57.40	5.26	57.62	57.63	13.16	45.28	45.33	36.31	29.61	41.39	52.46	52.58	9.51	35.77	51.70	38.45	23.31	36.06	20.47	52.77	29.23	5.20	8.97	14.95	34.63	3.69	10.96	51.19	25.27	33.00	36.90	55.72	22.16	22.46	47.97	35.94	41.01	0.00	54.92	30.19	54.83	38.03	40.47	35.44	33.74	7.06	61.10	28.18	49.70	47.19	3.06	46.39	
28.12	52.44	61.26	69.37	37.70	72.52	48.08	25.36	73.01	76.15	25.81	48.67	45.02	44.11	73.45	32.96	61.58	33.12	76.67	51.52	52.43	22.33	52.88	47.25	52.75	43.44	51.84	41.81	59.29	16.49	49.01	25.33	37.26	19.57	4.01	46.37	68.07	44.55	45.51	64.90	19.53	55.23	54.13	60.20	51.97	52.84	42.03	22.19	53.26	44.66	12.60	29.88	25.21	76.07	48.88	51.70	40.95	48.77	19.15	60.02	54.92	0.00	36.29	37.11	67.20	65.51	19.52	21.62	51.53	50.41	61.39	37.68	11.53	51.99	58.87	
9.51	22.64	25.37	35.40	13.88	37.07	21.10	31.11	37.27	40.32	10.50	13.46	9.26	20.04	38.30	32.10	35.18	22.55	41.02	15.99	29.84	27.88	22.67	28.49	31.63	27.94	30.01	20.57	26.25	20.96	14.53	20.12	11.57	25.26	36.04	21.11	31.79	22.86	12.99	29.97	18.86	20.32	27.34	23.97	25.20	34.31	15.85	15.34	31.01	20.19	27.04	16.17	11.98	39.93	27.52	16.32	34.25	21.42	23.92	25.27	30.19	36.29	0.00	24.67	31.08	29.85	22.72	18.10	31.71	32.44	25.27	19.68	25.15	28.50	26.44	
19.23	20.79	43.57	56.04	11.55	55.10	15.60	47.30	54.48	56.93	23.18	35.46	25.75	44.58	56.87	51.42	59.57	4.12	58.12	36.91	54.49	43.11	46.75	10.27	56.22	6.34	15.19	44.72	29.32	22.85	24.90	37.74	13.70	17.58	39.41	45.76	45.38	9.58	20.52	49.79	31.46	41.49	19.52	40.46	49.79	58.72	40.43	29.05	55.65	44.77	24.55	36.66	27.53	55.12	12.45	37.44	55.97	16.30	37.47	32.69	54.83	37.11	24.67	0.00	42.90	39.38	36.44	32.70	56.19	13.31	42.45	5.56	27.32	53.17	28.21	
39.28	23.19	11.75	21.52	33.41	15.94	27.88	59.22	14.30	15.58	41.44	21.43	22.19	36.64	18.10	57.40	37.60	43.83	17.10	18.79	40.52	56.94	28.56	38.05	42.82	41.10	34.91	39.45	15.45	51.24	19.14	49.00	32.48	53.17	67.11	35.43	3.53	34.24	23.48	16.42	49.69	18.31	27.75	9.30	34.06	46.67	34.37	46.26	41.33	36.22	56.90	43.81	42.90	12.80	35.01	19.02	55.70	27.30	54.10	10.61	38.03	67.20	31.08	42.90	0.00	4.43	52.96	48.58	44.22	39.96	9.89	37.82	55.84	39.02	16.97	
37.42	19.21	14.54	25.53	30.47	20.31	24.08	59.21	18.72	20.00	39.95	21.96	20.66	37.89	22.46	57.96	40.63	40.58	21.53	19.64	42.72	56.66	30.66	34.00	45.04	37.21	30.69	40.54	11.16	49.30	16.67	48.70	29.77	50.61	65.67	36.92	7.92	30.45	20.75	20.05	48.69	20.17	23.50	11.24	36.17	48.86	35.22	45.19	43.60	37.53	54.76	43.69	41.82	17.11	30.92	19.99	56.88	23.46	53.44	6.70	40.47	65.51	29.85	39.38	4.43	0.00	52.27	47.76	46.33	35.76	12.50	34.48	54.04	41.18	12.67	
18.94	44.04	44.97	51.32	30.95	55.40	41.09	10.91	56.20	59.39	14.74	32.35	31.94	24.84	56.04	16.44	42.11	32.53	59.69	35.26	32.91	6.68	34.17	44.70	33.26	42.18	48.02	22.38	48.81	15.39	37.21	5.83	29.39	23.82	17.21	27.13	53.07	40.12	35.03	47.54	5.01	38.24	47.65	44.76	32.69	33.53	23.25	8.12	33.74	25.41	19.06	10.83	11.11	59.89	45.08	35.29	23.33	41.62	1.21	47.98	35.44	19.52	22.72	36.44	52.96	52.27	0.00	4.67	32.09	48.58	45.54	34.09	14.16	32.49	48.86	
14.53	39.41	40.97	48.01	26.52	51.69	36.54	14.77	52.39	55.57	10.27	28.28	27.34	22.63	52.45	18.98	40.29	28.91	55.95	31.20	31.55	10.77	31.27	40.54	32.21	38.23	43.70	20.58	44.15	13.35	32.56	5.65	24.88	21.73	20.02	24.86	48.81	35.80	30.36	43.90	2.37	34.42	43.10	40.55	30.45	33.02	20.40	3.71	32.48	23.17	18.23	8.47	6.46	55.91	40.78	31.27	24.84	37.06	5.88	43.37	33.74	21.62	18.10	32.70	48.58	47.76	4.67	0.00	31.26	44.47	41.43	29.97	13.72	30.92	44.19	
37.98	50.78	32.53	29.86	45.58	36.93	51.16	28.98	38.71	41.47	35.25	26.36	35.05	11.68	36.35	22.39	12.49	53.61	40.91	27.58	3.81	30.14	15.68	59.92	1.88	59.64	60.71	11.69	50.10	43.84	40.21	26.40	43.26	51.55	48.81	10.99	42.18	54.22	41.71	30.13	33.63	26.15	56.46	35.16	10.17	2.72	15.87	32.86	3.39	11.57	49.35	23.02	31.88	43.84	58.56	27.08	15.81	51.26	32.38	46.19	7.06	51.53	31.71	56.19	44.22	46.33	32.09	31.26	0.00	63.77	34.33	51.38	44.98	5.21	51.08	
30.11	17.07	44.21	57.24	18.86	54.51	13.69	59.24	53.41	55.30	34.36	39.63	29.58	52.15	56.52	62.54	64.80	17.37	56.71	40.15	61.45	55.16	51.87	4.01	63.45	6.97	5.11	52.97	24.61	35.92	26.08	49.03	21.07	30.86	52.72	52.85	43.08	9.58	22.88	50.86	43.56	44.32	12.30	40.52	55.90	66.43	47.97	40.76	62.61	52.21	37.86	46.99	38.65	52.76	5.53	40.75	66.13	13.94	49.68	29.40	61.10	50.41	32.44	13.31	39.96	35.76	48.58	44.47	63.77	0.00	42.62	14.50	40.54	59.99	23.14	
34.44	25.66	2.06	14.74	31.57	12.68	29.22	50.75	12.34	15.21	35.73	13.19	17.90	27.10	14.42	48.31	28.14	42.44	16.10	10.29	30.63	48.84	18.68	39.92	32.93	42.12	37.90	30.02	20.24	46.21	17.59	41.05	30.04	49.57	60.81	25.75	8.22	35.12	21.94	8.47	42.85	8.60	31.23	2.10	24.18	36.78	25.22	39.60	31.45	26.65	52.22	35.68	36.36	14.68	37.21	10.32	46.12	28.83	46.61	15.05	28.18	61.39	25.27	42.45	9.89	12.50	45.54	41.43	34.33	42.62	0.00	36.98	50.41	29.14	21.68	
15.70	16.61	38.06	50.49	6.09	49.64	11.50	44.74	49.07	51.57	19.92	29.96	20.20	39.71	51.39	48.20	54.27	6.19	52.73	31.36	49.51	40.67	41.40	10.61	51.31	8.56	14.43	40.06	24.92	22.11	19.47	34.61	8.33	18.83	39.49	40.77	40.17	6.87	15.05	44.25	29.08	35.95	16.71	35.01	44.61	53.95	35.53	26.26	50.67	39.87	25.15	32.88	24.24	49.86	11.42	31.90	52.17	12.23	35.20	27.84	49.70	37.68	19.68	5.56	37.82	34.48	34.09	29.97	51.38	14.50	36.98	0.00	26.99	48.15	23.97	
16.63	41.08	50.41	59.31	26.38	61.91	36.87	23.96	62.26	65.35	14.68	38.01	33.65	35.90	62.97	30.44	53.63	23.21	65.97	40.78	45.16	19.85	43.63	37.08	45.90	33.62	41.37	34.11	47.78	5.05	37.50	18.96	25.81	11.05	12.58	38.03	56.83	33.80	33.98	54.47	11.35	44.73	43.07	49.11	43.56	46.73	33.13	12.66	46.13	36.40	4.95	22.05	15.02	65.07	38.37	41.01	37.49	37.54	14.55	48.50	47.19	11.53	25.15	27.32	55.84	54.04	14.16	13.72	44.98	40.54	50.41	26.99	0.00	44.46	47.39	
35.65	46.37	27.33	25.11	42.21	31.98	47.07	31.12	33.70	36.53	33.39	21.68	30.82	8.97	31.50	25.29	9.75	50.85	36.04	22.68	1.58	31.60	10.52	56.21	3.89	56.22	56.70	10.35	45.27	42.76	35.75	26.67	39.89	50.05	49.60	7.42	36.97	50.50	37.57	25.01	33.26	21.02	52.13	30.00	5.01	7.68	12.85	31.96	2.67	8.62	48.54	22.46	30.48	38.79	54.68	22.16	19.75	47.12	32.96	41.22	3.06	51.99	28.50	53.17	39.02	41.18	32.49	30.92	5.21	59.99	29.14	48.15	44.46	0.00	46.30	
31.32	7.42	23.61	36.29	21.48	32.27	12.62	57.53	30.91	32.50	34.80	24.73	17.95	40.76	34.37	57.95	48.18	30.15	33.99	23.67	47.88	54.30	36.29	21.62	50.16	25.15	18.05	42.78	1.54	42.38	12.14	46.55	21.62	41.86	59.72	40.48	20.26	18.78	13.88	30.14	44.52	26.43	10.85	19.70	41.45	53.77	37.18	41.00	48.93	40.56	47.08	42.34	37.78	29.75	18.49	24.23	58.66	11.91	50.07	6.79	46.39	58.87	26.44	28.21	16.97	12.67	48.86	44.19	51.08	23.14	21.68	23.97	47.39	46.30	0.00	
