100
0.00	0.63	1.26	1.89	2.53	2.60	2.82	3.16	3.57	4.04	3.68	3.40	3.22	3.16	3.22	2.60	2.00	1.41	0.89	0.63	24.48	23.96	23.47	23.02	22.61	21.63	20.66	19.71	18.76	17.82	18.34	18.90	19.51	20.15	20.82	21.63	22.45	23.30	24.16	25.04	17.09	18.52	19.96	20.23	20.60	21.06	19.71	18.36	17.04	16.47	16.00	15.66	36.84	35.94	35.06	34.17	37.41	37.41	37.41	37.41	37.41	37.41	37.41	34.04	34.59	35.24	26.36	25.38	24.39	23.41	12.13	33.90	20.96	21.24	40.11	23.97	19.58	16.65	27.79	8.48	11.20	35.76	35.10	14.94	15.60	6.88	33.42	29.33	3.51	31.32	32.68	37.13	21.75	27.17	23.06	19.42	2.26	40.06	16.06	13.02	
0.63	0.00	0.63	1.26	1.89	2.00	2.28	2.68	3.16	3.68	3.40	3.22	3.16	3.22	3.40	2.82	2.28	1.79	1.41	1.26	24.81	24.27	23.76	23.28	22.85	21.88	20.93	19.98	19.05	18.13	18.67	19.26	19.89	20.55	21.24	22.03	22.84	23.67	24.52	25.39	16.47	17.90	19.33	19.61	19.99	20.47	19.12	17.79	16.47	15.88	15.40	15.04	36.56	35.66	34.77	33.88	37.08	37.08	37.08	37.08	37.08	37.08	37.08	33.89	34.41	35.03	26.27	25.28	24.29	23.30	11.57	34.21	20.55	20.62	39.79	23.36	20.13	16.49	27.51	8.92	11.44	35.38	35.13	15.39	15.25	7.41	33.56	29.79	3.93	31.12	32.66	36.80	22.25	26.72	22.52	19.44	2.19	40.23	15.82	13.66	
1.26	0.63	0.00	0.63	1.26	1.41	1.79	2.28	2.82	3.40	3.22	3.16	3.22	3.40	3.68	3.16	2.68	2.28	2.00	1.89	25.15	24.59	24.06	23.56	23.10	22.15	21.21	20.28	19.36	18.45	19.02	19.63	20.28	20.96	21.67	22.44	23.24	24.06	24.89	25.75	15.85	17.28	18.71	19.00	19.39	19.88	18.54	17.21	15.91	15.29	14.79	14.42	36.29	35.39	34.48	33.59	36.77	36.77	36.77	36.77	36.77	36.77	36.77	33.76	34.23	34.82	26.18	25.19	24.20	23.21	11.02	34.54	20.15	20.01	39.48	22.75	20.67	16.36	27.25	9.39	11.71	35.00	35.17	15.84	14.91	7.95	33.72	30.25	4.39	30.94	32.65	36.48	22.75	26.28	21.98	19.47	2.29	40.40	15.60	14.29	
1.89	1.26	0.63	0.00	0.63	0.89	1.41	2.00	2.60	3.22	3.16	3.22	3.40	3.68	4.04	3.57	3.16	2.82	2.60	2.53	25.50	24.92	24.37	23.85	23.37	22.43	21.50	20.58	19.68	18.79	19.38	20.02	20.68	21.38	22.11	22.87	23.65	24.46	25.28	26.12	15.23	16.66	18.09	18.39	18.79	19.30	17.96	16.65	15.35	14.71	14.19	13.80	36.03	35.12	34.21	33.31	36.46	36.46	36.46	36.46	36.46	36.46	36.46	33.63	34.07	34.62	26.12	25.12	24.13	23.13	10.48	34.87	19.76	19.40	39.18	22.15	21.23	16.25	27.00	9.88	12.01	34.63	35.22	16.31	14.60	8.51	33.88	30.72	4.89	30.76	32.66	36.16	23.26	25.84	21.45	19.52	2.55	40.59	15.40	14.92	
2.53	1.89	1.26	0.63	0.00	0.63	1.26	1.89	2.53	3.16	3.22	3.40	3.68	4.04	4.47	4.04	3.68	3.40	3.22	3.16	25.87	25.27	24.70	24.16	23.66	22.73	21.81	20.91	20.01	19.14	19.76	20.41	21.10	21.81	22.55	23.30	24.07	24.86	25.67	26.50	14.61	16.03	17.47	17.77	18.19	18.72	17.39	16.08	14.80	14.14	13.59	13.19	35.79	34.87	33.95	33.04	36.16	36.16	36.16	36.16	36.16	36.16	36.16	33.51	33.92	34.44	26.07	25.07	24.07	23.07	9.95	35.20	19.38	18.79	38.88	21.55	21.78	16.17	26.76	10.38	12.34	34.27	35.28	16.79	14.31	9.07	34.06	31.20	5.42	30.60	32.68	35.85	23.77	25.41	20.92	19.60	2.92	40.78	15.23	15.55	
2.60	2.00	1.41	0.89	0.63	0.00	0.63	1.26	1.89	2.53	2.60	2.82	3.16	3.57	4.04	3.68	3.40	3.22	3.16	3.22	26.38	25.80	25.24	24.71	24.22	23.28	22.36	21.45	20.55	19.66	20.26	20.90	21.57	22.27	23.00	23.76	24.54	25.34	26.16	27.00	14.49	15.93	17.37	17.63	18.00	18.48	17.13	15.80	14.50	13.88	13.40	13.06	36.37	35.45	34.53	33.61	36.72	36.72	36.72	36.72	36.72	36.72	36.72	34.14	34.53	35.04	26.70	25.70	24.70	23.70	10.32	35.74	19.89	18.63	39.44	21.74	22.09	16.80	27.35	10.77	12.88	34.79	35.90	17.20	14.87	9.36	34.67	31.61	5.12	31.21	33.31	36.40	24.14	25.88	21.28	20.22	3.42	41.38	15.84	15.56	
2.82	2.28	1.79	1.41	1.26	0.63	0.00	0.63	1.26	1.89	2.00	2.28	2.68	3.16	3.68	3.40	3.22	3.16	3.22	3.40	26.90	26.33	25.78	25.27	24.79	23.84	22.91	21.99	21.09	20.19	20.78	21.40	22.06	22.74	23.45	24.23	25.02	25.83	26.66	27.51	14.40	15.85	17.29	17.50	17.82	18.26	16.89	15.54	14.22	13.66	13.23	12.96	36.95	36.03	35.11	34.19	37.28	37.28	37.28	37.28	37.28	37.28	37.28	34.76	35.15	35.65	27.33	26.33	25.33	24.33	10.71	36.27	20.41	18.50	40.01	21.96	22.40	17.43	27.94	11.17	13.42	35.32	36.53	17.63	15.45	9.69	35.27	32.03	4.89	31.83	33.94	36.96	24.52	26.36	21.66	20.85	3.96	41.98	16.45	15.60	
3.16	2.68	2.28	2.00	1.89	1.26	0.63	0.00	0.63	1.26	1.41	1.79	2.28	2.82	3.40	3.22	3.16	3.22	3.40	3.68	27.43	26.86	26.33	25.82	25.35	24.41	23.47	22.54	21.63	20.73	21.30	21.91	22.55	23.22	23.92	24.70	25.51	26.33	27.17	28.02	14.34	15.79	17.24	17.40	17.67	18.05	16.67	15.31	13.96	13.45	13.09	12.89	37.54	36.61	35.69	34.77	37.85	37.85	37.85	37.85	37.85	37.85	37.85	35.38	35.77	36.26	27.96	26.96	25.96	24.96	11.12	36.81	20.94	18.39	40.57	22.19	22.73	18.05	28.53	11.60	13.98	35.85	37.16	18.07	16.02	10.04	35.88	32.46	4.72	32.44	34.57	37.52	24.91	26.84	22.04	21.48	4.52	42.59	17.07	15.66	
3.57	3.16	2.82	2.60	2.53	1.89	1.26	0.63	0.00	0.63	0.89	1.41	2.00	2.60	3.22	3.16	3.22	3.40	3.68	4.04	27.96	27.40	26.88	26.39	25.93	24.98	24.03	23.10	22.18	21.27	21.82	22.42	23.04	23.70	24.38	25.18	26.00	26.83	27.68	28.54	14.30	15.76	17.21	17.31	17.54	17.87	16.48	15.09	13.72	13.28	12.99	12.85	38.13	37.20	36.27	35.35	38.42	38.42	38.42	38.42	38.42	38.42	38.42	36.00	36.38	36.86	28.59	27.59	26.59	25.59	11.55	37.35	21.47	18.29	41.14	22.43	23.07	18.68	29.13	12.05	14.54	36.38	37.79	18.52	16.61	10.42	36.49	32.90	4.64	33.05	35.20	38.08	25.31	27.33	22.44	22.10	5.09	43.19	17.68	15.75	
4.04	3.68	3.40	3.22	3.16	2.53	1.89	1.26	0.63	0.00	0.63	1.26	1.89	2.53	3.16	3.22	3.40	3.68	4.04	4.47	28.49	27.95	27.43	26.95	26.50	25.55	24.60	23.66	22.73	21.81	22.36	22.93	23.55	24.19	24.86	25.67	26.50	27.34	28.19	29.06	14.30	15.75	17.21	17.25	17.42	17.71	16.30	14.90	13.51	13.13	12.91	12.84	38.72	37.78	36.86	35.93	38.98	38.98	38.98	38.98	38.98	38.98	38.98	36.63	37.00	37.47	29.22	28.22	27.22	26.22	12.00	37.90	22.01	18.22	41.71	22.69	23.42	19.31	29.72	12.51	15.11	36.92	38.42	18.97	17.19	10.83	37.10	33.34	4.65	33.67	35.83	38.64	25.72	27.83	22.85	22.73	5.68	43.79	18.30	15.86	
3.68	3.40	3.22	3.16	3.22	2.60	2.00	1.41	0.89	0.63	0.00	0.63	1.26	1.89	2.53	2.60	2.82	3.16	3.57	4.04	28.16	27.64	27.14	26.68	26.25	25.28	24.32	23.37	22.43	21.50	22.02	22.58	23.18	23.80	24.46	25.28	26.12	26.97	27.84	28.72	14.93	16.38	17.84	17.88	18.05	18.33	16.91	15.51	14.11	13.75	13.54	13.47	38.95	38.02	37.10	36.18	39.26	39.26	39.26	39.26	39.26	39.26	39.26	36.73	37.14	37.64	29.26	28.27	27.27	26.27	12.45	37.58	22.35	18.85	41.98	23.27	22.90	19.38	29.94	12.10	14.84	37.26	38.36	18.55	17.43	10.36	36.93	32.90	4.02	33.82	35.82	38.93	25.24	28.22	23.33	22.67	5.50	43.61	18.45	15.25	
3.40	3.22	3.16	3.22	3.40	2.82	2.28	1.79	1.41	1.26	0.63	0.00	0.63	1.26	1.89	2.00	2.28	2.68	3.16	3.68	27.84	27.33	26.86	26.42	26.01	25.03	24.06	23.10	22.15	21.21	21.71	22.24	22.82	23.42	24.06	24.89	25.75	26.61	27.49	28.38	15.56	17.02	18.47	18.51	18.67	18.94	17.53	16.12	14.72	14.37	14.16	14.11	39.19	38.27	37.35	36.44	39.55	39.55	39.55	39.55	39.55	39.55	39.55	36.85	37.29	37.82	29.32	28.33	27.33	26.34	12.90	37.28	22.69	19.48	42.27	23.84	22.39	19.47	30.16	11.70	14.60	37.60	38.32	18.14	17.70	9.91	36.78	32.46	3.39	33.98	35.81	39.23	24.78	28.62	23.82	22.62	5.39	43.44	18.61	14.63	
3.22	3.16	3.22	3.40	3.68	3.16	2.68	2.28	2.00	1.89	1.26	0.63	0.00	0.63	1.26	1.41	1.79	2.28	2.82	3.40	27.53	27.04	26.59	26.17	25.78	24.80	23.82	22.85	21.88	20.93	21.40	21.92	22.47	23.05	23.67	24.52	25.39	26.26	27.15	28.05	16.19	17.65	19.10	19.14	19.30	19.56	18.14	16.73	15.33	14.99	14.79	14.74	39.43	38.52	37.61	36.70	39.84	39.84	39.84	39.84	39.84	39.84	39.84	36.98	37.45	38.02	29.40	28.40	27.41	26.42	13.38	36.98	23.05	20.11	42.56	24.42	21.88	19.58	30.40	11.33	14.38	37.95	38.29	17.74	17.98	9.48	36.64	32.03	2.76	34.15	35.82	39.53	24.32	29.03	24.31	22.59	5.34	43.28	18.79	14.01	
3.16	3.22	3.40	3.68	4.04	3.57	3.16	2.82	2.60	2.53	1.89	1.26	0.63	0.00	0.63	0.89	1.41	2.00	2.60	3.22	27.24	26.77	26.33	25.93	25.57	24.57	23.59	22.61	21.63	20.66	21.11	21.60	22.13	22.70	23.30	24.16	25.04	25.93	26.83	27.74	16.82	18.28	19.73	19.77	19.92	20.18	18.76	17.34	15.93	15.61	15.42	15.37	39.69	38.78	37.88	36.98	40.14	40.14	40.14	40.14	40.14	40.14	40.14	37.11	37.62	38.21	29.48	28.49	27.51	26.52	13.86	36.69	23.42	20.74	42.85	25.01	21.39	19.71	30.65	10.98	14.19	38.31	38.26	17.36	18.28	9.07	36.51	31.60	2.13	34.33	35.83	39.84	23.87	29.45	24.82	22.58	5.38	43.12	19.00	13.40	
3.22	3.40	3.68	4.04	4.47	4.04	3.68	3.40	3.22	3.16	2.53	1.89	1.26	0.63	0.00	0.63	1.26	1.89	2.53	3.16	26.95	26.50	26.09	25.71	25.37	24.37	23.37	22.38	21.40	20.42	20.84	21.30	21.81	22.36	22.93	23.81	24.70	25.60	26.51	27.43	17.46	18.91	20.36	20.40	20.55	20.79	19.37	17.95	16.54	16.23	16.05	16.00	39.95	39.05	38.15	37.26	40.45	40.45	40.45	40.45	40.45	40.45	40.45	37.26	37.79	38.42	29.58	28.60	27.61	26.63	14.36	36.41	23.80	21.37	43.16	25.59	20.89	19.86	30.91	10.66	14.02	38.67	38.25	16.99	18.59	8.69	36.39	31.18	1.51	34.52	35.86	40.16	23.42	29.87	25.32	22.59	5.48	42.98	19.22	12.78	
2.60	2.82	3.16	3.57	4.04	3.68	3.40	3.22	3.16	3.22	2.60	2.00	1.41	0.89	0.63	0.00	0.63	1.26	1.89	2.53	26.39	25.93	25.50	25.11	24.77	23.77	22.78	21.79	20.81	19.83	20.27	20.75	21.27	21.82	22.42	23.28	24.16	25.06	25.96	26.88	17.46	18.92	20.37	20.45	20.64	20.93	19.52	18.11	16.72	16.35	16.12	16.01	39.38	38.48	37.59	36.70	39.90	39.90	39.90	39.90	39.90	39.90	39.90	36.65	37.19	37.83	28.96	27.98	26.99	26.01	13.98	35.84	23.30	21.43	42.61	25.36	20.50	19.25	30.34	10.11	13.41	38.16	37.62	16.48	18.06	8.19	35.77	30.71	1.50	33.92	35.23	39.62	22.97	29.41	24.96	21.95	4.87	42.36	18.63	12.64	
2.00	2.28	2.68	3.16	3.68	3.40	3.22	3.16	3.22	3.40	2.82	2.28	1.79	1.41	1.26	0.63	0.00	0.63	1.26	1.89	25.82	25.35	24.92	24.52	24.17	23.17	22.18	21.20	20.22	19.25	19.70	20.19	20.73	21.30	21.91	22.76	23.63	24.52	25.42	26.33	17.49	18.94	20.39	20.52	20.76	21.09	19.68	18.29	16.91	16.50	16.20	16.04	38.82	37.92	37.03	36.14	39.36	39.36	39.36	39.36	39.36	39.36	39.36	36.04	36.59	37.24	28.34	27.36	26.37	25.39	13.63	35.28	22.81	21.51	42.06	25.14	20.12	18.64	29.77	9.57	12.80	37.65	36.99	15.97	17.52	7.70	35.15	30.24	1.74	33.32	34.60	39.08	22.53	28.95	24.60	21.32	4.26	41.75	18.05	12.53	
1.41	1.79	2.28	2.82	3.40	3.22	3.16	3.22	3.40	3.68	3.16	2.68	2.28	2.00	1.89	1.26	0.63	0.00	0.63	1.26	25.27	24.79	24.34	23.94	23.57	22.58	21.59	20.61	19.64	18.68	19.14	19.64	20.19	20.78	21.40	22.25	23.11	23.99	24.88	25.78	17.54	18.99	20.44	20.61	20.89	21.26	19.87	18.49	17.12	16.66	16.32	16.09	38.25	37.36	36.47	35.59	38.81	38.81	38.81	38.81	38.81	38.81	38.81	35.43	35.99	36.65	27.72	26.73	25.75	24.77	13.29	34.72	22.33	21.60	41.52	24.94	19.74	18.03	29.20	9.05	12.19	37.15	36.35	15.47	17.00	7.23	34.53	29.78	2.14	32.72	33.97	38.54	22.10	28.51	24.26	20.69	3.66	41.13	17.47	12.46	
0.89	1.41	2.00	2.60	3.22	3.16	3.22	3.40	3.68	4.04	3.57	3.16	2.82	2.60	2.53	1.89	1.26	0.63	0.00	0.63	24.71	24.22	23.77	23.35	22.97	21.99	21.00	20.03	19.06	18.10	18.58	19.10	19.66	20.26	20.90	21.74	22.59	23.46	24.34	25.24	17.61	19.06	20.50	20.72	21.04	21.45	20.07	18.71	17.36	16.85	16.45	16.17	37.68	36.79	35.91	35.03	38.27	38.27	38.27	38.27	38.27	38.27	38.27	34.81	35.38	36.06	27.10	26.11	25.13	24.15	12.98	34.16	21.85	21.72	40.97	24.75	19.39	17.43	28.64	8.54	11.59	36.65	35.72	14.99	16.48	6.79	33.91	29.32	2.63	32.13	33.34	38.01	21.68	28.07	23.93	20.06	3.07	40.52	16.90	12.41	
0.63	1.26	1.89	2.53	3.16	3.22	3.40	3.68	4.04	4.47	4.04	3.68	3.40	3.22	3.16	2.53	1.89	1.26	0.63	0.00	24.16	23.66	23.19	22.77	22.38	21.40	20.42	19.45	18.49	17.54	18.03	18.56	19.14	19.76	20.41	21.23	22.08	22.93	23.81	24.70	17.71	19.15	20.58	20.85	21.20	21.65	20.29	18.94	17.61	17.06	16.61	16.28	37.12	36.24	35.36	34.48	37.74	37.74	37.74	37.74	37.74	37.74	37.74	34.21	34.79	35.47	26.48	25.50	24.52	23.54	12.69	33.60	21.39	21.85	40.43	24.58	19.04	16.82	28.08	8.05	10.99	36.15	35.09	14.51	15.97	6.38	33.29	28.88	3.18	31.53	32.71	37.48	21.27	27.63	23.60	19.43	2.50	39.90	16.32	12.39	
24.48	24.81	25.15	25.50	25.87	26.38	26.90	27.43	27.96	28.49	28.16	27.84	27.53	27.24	26.95	26.39	25.82	25.27	24.71	24.16	0.00	1.05	2.11	3.16	4.21	4.34	4.71	5.26	5.95	6.74	6.14	5.67	5.37	5.26	5.37	4.34	3.33	2.35	1.49	1.05	37.95	39.09	40.25	41.13	42.05	42.99	41.91	40.85	39.82	38.80	37.80	36.84	31.34	30.97	30.63	30.31	33.79	33.79	33.79	33.79	33.79	33.79	33.79	24.14	25.90	27.68	17.67	17.41	17.21	17.06	28.00	9.46	27.01	42.15	35.66	38.51	11.66	17.64	25.23	16.32	13.58	35.23	18.16	10.46	22.99	18.41	12.76	8.57	26.01	24.28	18.09	34.04	8.50	32.28	33.72	12.58	22.97	17.87	20.00	21.02	
23.96	24.27	24.59	24.92	25.27	25.80	26.33	26.86	27.40	27.95	27.64	27.33	27.04	26.77	26.50	25.93	25.35	24.79	24.22	23.66	1.05	0.00	1.05	2.11	3.16	3.33	3.80	4.47	5.26	6.14	5.67	5.37	5.26	5.37	5.67	4.71	3.80	2.98	2.35	2.11	37.14	38.27	39.41	40.31	41.25	42.21	41.14	40.10	39.09	38.05	37.03	36.05	30.37	29.99	29.63	29.31	32.79	32.79	32.79	32.79	32.79	32.79	32.79	23.23	24.97	26.74	16.66	16.39	16.18	16.02	27.13	9.95	25.98	41.33	34.69	37.54	12.08	16.63	24.19	15.91	12.94	34.20	17.51	10.29	22.01	18.04	12.36	9.62	25.61	23.30	17.30	33.04	9.08	31.23	32.71	11.54	22.38	17.77	19.01	21.07	
23.47	23.76	24.06	24.37	24.70	25.24	25.78	26.33	26.88	27.43	27.14	26.86	26.59	26.33	26.09	25.50	24.92	24.34	23.77	23.19	2.11	1.05	0.00	1.05	2.11	2.35	2.98	3.80	4.71	5.67	5.37	5.26	5.37	5.67	6.14	5.26	4.47	3.80	3.33	3.16	36.35	37.45	38.58	39.50	40.45	41.44	40.39	39.36	38.37	37.31	36.27	35.27	29.40	29.01	28.64	28.31	31.80	31.80	31.80	31.80	31.80	31.80	31.80	22.34	24.05	25.80	15.66	15.37	15.14	14.98	26.27	10.52	24.95	40.51	33.72	36.57	12.57	15.63	23.15	15.57	12.36	33.17	16.91	10.23	21.04	17.72	12.04	10.67	25.24	22.33	16.53	32.04	9.74	30.18	31.71	10.50	21.83	17.73	18.02	21.17	
23.02	23.28	23.56	23.85	24.16	24.71	25.27	25.82	26.39	26.95	26.68	26.42	26.17	25.93	25.71	25.11	24.52	23.94	23.35	22.77	3.16	2.11	1.05	0.00	1.05	1.49	2.35	3.33	4.34	5.37	5.26	5.37	5.67	6.14	6.74	5.95	5.26	4.71	4.34	4.21	35.56	36.65	37.76	38.70	39.67	40.67	39.64	38.64	37.67	36.59	35.53	34.50	28.44	28.04	27.66	27.31	30.82	30.82	30.82	30.82	30.82	30.82	30.82	21.46	23.14	24.88	14.67	14.36	14.11	13.93	25.43	11.16	23.92	39.71	32.76	35.61	13.13	14.63	22.11	15.29	11.85	32.14	16.35	10.27	20.07	17.46	11.81	11.72	24.91	21.36	15.80	31.05	10.46	29.13	30.70	9.46	21.31	17.74	17.03	21.32	
22.61	22.85	23.10	23.37	23.66	24.22	24.79	25.35	25.93	26.50	26.25	26.01	25.78	25.57	25.37	24.77	24.17	23.57	22.97	22.38	4.21	3.16	2.11	1.05	0.00	1.05	2.11	3.16	4.21	5.26	5.37	5.67	6.14	6.74	7.44	6.74	6.14	5.67	5.37	5.26	34.79	35.86	36.95	37.92	38.91	39.93	38.92	37.94	36.99	35.88	34.80	33.76	27.49	27.07	26.68	26.32	29.84	29.84	29.84	29.84	29.84	29.84	29.84	20.59	22.25	23.96	13.68	13.35	13.09	12.89	24.60	11.86	22.90	38.92	31.81	34.65	13.74	13.65	21.08	15.08	11.41	31.12	15.84	10.42	19.12	17.27	11.67	12.78	24.62	20.40	15.11	30.06	11.24	28.08	29.70	8.42	20.84	17.83	16.06	21.53	
21.63	21.88	22.15	22.43	22.73	23.28	23.84	24.41	24.98	25.55	25.28	25.03	24.80	24.57	24.37	23.77	23.17	22.58	21.99	21.40	4.34	3.33	2.35	1.49	1.05	0.00	1.05	2.11	3.16	4.21	4.34	4.71	5.26	5.95	6.74	6.14	5.67	5.37	5.26	5.37	34.08	35.17	36.28	37.22	38.19	39.19	38.16	37.16	36.18	35.10	34.04	33.02	27.97	27.52	27.09	26.70	30.24	30.24	30.24	30.24	30.24	30.24	30.24	21.22	22.84	24.50	14.10	13.70	13.37	13.10	23.95	12.64	22.68	38.22	32.27	34.22	12.93	13.30	21.30	14.04	10.44	31.38	16.79	9.38	18.69	16.23	12.71	12.76	23.61	20.87	15.94	30.44	10.59	28.02	29.39	8.29	19.89	18.87	15.68	20.50	
20.66	20.93	21.21	21.50	21.81	22.36	22.91	23.47	24.03	24.60	24.32	24.06	23.82	23.59	23.37	22.78	22.18	21.59	21.00	20.42	4.71	3.80	2.98	2.35	2.11	1.05	0.00	1.05	2.11	3.16	3.33	3.80	4.47	5.26	6.14	5.67	5.37	5.26	5.37	5.67	33.38	34.49	35.62	36.54	37.48	38.46	37.41	36.39	35.40	34.33	33.30	32.29	28.48	27.99	27.54	27.12	30.68	30.68	30.68	30.68	30.68	30.68	30.68	21.89	23.45	25.08	14.58	14.12	13.72	13.38	23.34	13.46	22.50	37.55	32.76	33.82	12.14	13.03	21.57	13.01	9.49	31.68	17.74	8.36	18.31	15.19	13.76	12.84	22.59	21.38	16.79	30.85	10.00	27.99	29.11	8.29	18.96	19.92	15.36	19.48	
19.71	19.98	20.28	20.58	20.91	21.45	21.99	22.54	23.10	23.66	23.37	23.10	22.85	22.61	22.38	21.79	21.20	20.61	20.03	19.45	5.26	4.47	3.80	3.33	3.16	2.11	1.05	0.00	1.05	2.11	2.35	2.98	3.80	4.71	5.67	5.37	5.26	5.37	5.67	6.14	32.70	33.83	34.99	35.87	36.79	37.75	36.68	35.64	34.62	33.58	32.57	31.59	29.01	28.50	28.02	27.56	31.14	31.14	31.14	31.14	31.14	31.14	31.14	22.58	24.10	25.69	15.13	14.61	14.15	13.74	22.75	14.31	22.38	36.89	33.27	33.45	11.41	12.85	21.88	11.98	8.57	32.00	18.71	7.34	17.99	14.16	14.81	13.00	21.58	21.93	17.66	31.29	9.49	28.01	28.87	8.42	18.04	20.97	15.11	18.46	
18.76	19.05	19.36	19.68	20.01	20.55	21.09	21.63	22.18	22.73	22.43	22.15	21.88	21.63	21.40	20.81	20.22	19.64	19.06	18.49	5.95	5.26	4.71	4.34	4.21	3.16	2.11	1.05	0.00	1.05	1.49	2.35	3.33	4.34	5.37	5.26	5.37	5.67	6.14	6.74	32.03	33.19	34.37	35.23	36.12	37.05	35.96	34.90	33.86	32.84	31.86	30.90	29.58	29.04	28.53	28.04	31.63	31.63	31.63	31.63	31.63	31.63	31.63	23.30	24.78	26.32	15.72	15.15	14.64	14.17	22.20	15.19	22.30	36.25	33.81	33.10	10.72	12.74	22.24	10.95	7.68	32.36	19.68	6.33	17.73	13.13	15.86	13.24	20.58	22.51	18.55	31.76	9.08	28.07	28.67	8.68	17.13	22.02	14.93	17.44	
17.82	18.13	18.45	18.79	19.14	19.66	20.19	20.73	21.27	21.81	21.50	21.21	20.93	20.66	20.42	19.83	19.25	18.68	18.10	17.54	6.74	6.14	5.67	5.37	5.26	4.21	3.16	2.11	1.05	0.00	1.05	2.11	3.16	4.21	5.26	5.37	5.67	6.14	6.74	7.44	31.40	32.57	33.77	34.60	35.47	36.38	35.27	34.18	33.12	32.12	31.16	30.24	30.17	29.60	29.07	28.55	32.15	32.15	32.15	32.15	32.15	32.15	32.15	24.04	25.48	26.98	16.36	15.75	15.18	14.66	21.69	16.09	22.27	35.63	34.37	32.79	10.10	12.73	22.65	9.93	6.84	32.75	20.66	5.34	17.52	12.10	16.91	13.56	19.58	23.13	19.46	32.26	8.78	28.16	28.50	9.06	16.24	23.07	14.82	16.43	
18.34	18.67	19.02	19.38	19.76	20.26	20.78	21.30	21.82	22.36	22.02	21.71	21.40	21.11	20.84	20.27	19.70	19.14	18.58	18.03	6.14	5.67	5.37	5.26	5.37	4.34	3.33	2.35	1.49	1.05	0.00	1.05	2.11	3.16	4.21	4.34	4.71	5.26	5.95	6.74	32.25	33.44	34.66	35.46	36.31	37.20	36.07	34.96	33.88	32.91	31.97	31.07	31.03	30.49	29.97	29.47	33.07	33.07	33.07	33.07	33.07	33.07	33.07	24.79	26.26	27.80	17.19	16.61	16.08	15.59	22.62	15.58	23.33	36.49	35.26	33.80	9.25	13.78	23.62	10.25	7.55	33.73	21.06	5.05	18.56	12.38	17.01	12.58	19.94	23.98	20.00	33.18	7.76	29.21	29.54	10.03	16.85	23.00	15.87	16.16	
18.90	19.26	19.63	20.02	20.41	20.90	21.40	21.91	22.42	22.93	22.58	22.24	21.92	21.60	21.30	20.75	20.19	19.64	19.10	18.56	5.67	5.37	5.26	5.37	5.67	4.71	3.80	2.98	2.35	2.11	1.05	0.00	1.05	2.11	3.16	3.33	3.80	4.47	5.26	6.14	33.11	34.32	35.55	36.33	37.16	38.03	36.88	35.76	34.66	33.71	32.79	31.92	31.91	31.38	30.88	30.40	33.99	33.99	33.99	33.99	33.99	33.99	33.99	25.55	27.06	28.63	18.04	17.50	16.99	16.52	23.57	15.13	24.38	37.36	36.16	34.81	8.43	14.83	24.59	10.66	8.33	34.71	21.49	4.96	19.60	12.74	17.18	11.61	20.35	24.84	20.58	34.11	6.75	30.25	30.58	11.01	17.49	22.99	16.92	15.96	
19.51	19.89	20.28	20.68	21.10	21.57	22.06	22.55	23.04	23.55	23.18	22.82	22.47	22.13	21.81	21.27	20.73	20.19	19.66	19.14	5.37	5.26	5.37	5.67	6.14	5.26	4.47	3.80	3.33	3.16	2.11	1.05	0.00	1.05	2.11	2.35	2.98	3.80	4.71	5.67	33.98	35.20	36.44	37.21	38.02	38.87	37.71	36.57	35.45	34.52	33.63	32.78	32.80	32.29	31.80	31.33	34.91	34.91	34.91	34.91	34.91	34.91	34.91	26.34	27.88	29.48	18.92	18.40	17.91	17.48	24.52	14.74	25.43	38.25	37.06	35.83	7.68	15.88	25.57	11.16	9.17	35.69	21.97	5.10	20.64	13.18	17.40	10.65	20.80	25.72	21.20	35.05	5.76	31.30	31.63	12.01	18.18	23.02	17.97	15.83	
20.15	20.55	20.96	21.38	21.81	22.27	22.74	23.22	23.70	24.19	23.80	23.42	23.05	22.70	22.36	21.82	21.30	20.78	20.26	19.76	5.26	5.37	5.67	6.14	6.74	5.95	5.26	4.71	4.34	4.21	3.16	2.11	1.05	0.00	1.05	1.49	2.35	3.33	4.34	5.37	34.86	36.10	37.35	38.10	38.89	39.72	38.55	37.39	36.26	35.35	34.48	33.65	33.70	33.20	32.72	32.27	35.85	35.85	35.85	35.85	35.85	35.85	35.85	27.14	28.72	30.34	19.81	19.31	18.85	18.44	25.48	14.41	26.48	39.14	37.97	36.85	7.01	16.94	26.55	11.73	10.05	36.68	22.49	5.44	21.68	13.68	17.69	9.71	21.30	26.62	21.85	36.00	4.79	32.35	32.67	13.02	18.90	23.10	19.02	15.76	
20.82	21.24	21.67	22.11	22.55	23.00	23.45	23.92	24.38	24.86	24.46	24.06	23.67	23.30	22.93	22.42	21.91	21.40	20.90	20.41	5.37	5.67	6.14	6.74	7.44	6.74	6.14	5.67	5.37	5.26	4.21	3.16	2.11	1.05	0.00	1.05	2.11	3.16	4.21	5.26	35.76	37.00	38.26	39.00	39.77	40.58	39.39	38.22	37.08	36.19	35.34	34.53	34.61	34.12	33.66	33.22	36.79	36.79	36.79	36.79	36.79	36.79	36.79	27.96	29.56	31.21	20.72	20.24	19.81	19.41	26.45	14.16	27.54	40.03	38.89	37.87	6.43	17.99	27.55	12.36	10.96	37.67	23.04	5.95	22.72	14.24	18.03	8.80	21.84	27.52	22.53	36.95	3.86	33.40	33.72	14.03	19.64	23.23	20.07	15.77	
21.63	22.03	22.44	22.87	23.30	23.76	24.23	24.70	25.18	25.67	25.28	24.89	24.52	24.16	23.81	23.28	22.76	22.25	21.74	21.23	4.34	4.71	5.26	5.95	6.74	6.14	5.67	5.37	5.26	5.37	4.34	3.33	2.35	1.49	1.05	0.00	1.05	2.11	3.16	4.21	36.32	37.55	38.79	39.55	40.35	41.19	40.02	38.87	37.74	36.83	35.95	35.11	34.10	33.64	33.20	32.78	36.34	36.34	36.34	36.34	36.34	36.34	36.34	27.33	28.96	30.64	20.22	19.78	19.39	19.04	26.87	13.13	27.56	40.59	38.39	38.14	7.37	18.00	27.21	13.20	11.50	37.33	22.17	6.85	22.88	15.12	17.05	8.29	22.74	27.00	21.75	36.51	4.51	33.32	33.86	13.79	20.38	22.19	20.15	16.82	
22.45	22.84	23.24	23.65	24.07	24.54	25.02	25.51	26.00	26.50	26.12	25.75	25.39	25.04	24.70	24.16	23.63	23.11	22.59	22.08	3.33	3.80	4.47	5.26	6.14	5.67	5.37	5.26	5.37	5.67	4.71	3.80	2.98	2.35	2.11	1.05	0.00	1.05	2.11	3.16	36.90	38.11	39.34	40.13	40.95	41.81	40.66	39.53	38.42	37.48	36.58	35.71	33.61	33.17	32.76	32.37	35.91	35.91	35.91	35.91	35.91	35.91	35.91	26.72	28.39	30.10	19.76	19.37	19.02	18.72	27.33	12.11	27.62	41.16	37.92	38.44	8.33	18.07	26.92	14.06	12.11	37.02	21.31	7.79	23.09	16.03	16.08	7.90	23.65	26.52	21.00	36.11	5.29	33.27	34.03	13.63	21.15	21.15	20.29	17.87	
23.30	23.67	24.06	24.46	24.86	25.34	25.83	26.33	26.83	27.34	26.97	26.61	26.26	25.93	25.60	25.06	24.52	23.99	23.46	22.93	2.35	2.98	3.80	4.71	5.67	5.37	5.26	5.37	5.67	6.14	5.26	4.47	3.80	3.33	3.16	2.11	1.05	0.00	1.05	2.11	37.51	38.70	39.91	40.72	41.57	42.46	41.32	40.21	39.12	38.16	37.23	36.34	33.15	32.74	32.35	31.99	35.51	35.51	35.51	35.51	35.51	35.51	35.51	26.13	27.84	29.58	19.35	19.01	18.71	18.46	27.82	11.09	27.72	41.75	37.47	38.76	9.32	18.21	26.66	14.95	12.78	36.74	20.46	8.76	23.34	16.95	15.12	7.63	24.58	26.07	20.27	35.72	6.15	33.26	34.24	13.55	21.94	20.11	20.48	18.92	
24.16	24.52	24.89	25.28	25.67	26.16	26.66	27.17	27.68	28.19	27.84	27.49	27.15	26.83	26.51	25.96	25.42	24.88	24.34	23.81	1.49	2.35	3.33	4.34	5.37	5.26	5.37	5.67	6.14	6.74	5.95	5.26	4.71	4.34	4.21	3.16	2.11	1.05	0.00	1.05	38.13	39.30	40.49	41.34	42.21	43.12	42.00	40.91	39.84	38.85	37.90	36.98	32.72	32.33	31.97	31.64	35.13	35.13	35.13	35.13	35.13	35.13	35.13	25.58	27.32	29.09	18.99	18.70	18.45	18.26	28.34	10.08	27.86	42.36	37.04	39.11	10.31	18.40	26.45	15.86	13.50	36.48	19.64	9.74	23.64	17.88	14.17	7.51	25.51	25.65	19.57	35.37	7.06	33.28	34.47	13.55	22.75	19.08	20.72	19.97	
25.04	25.39	25.75	26.12	26.50	27.00	27.51	28.02	28.54	29.06	28.72	28.38	28.05	27.74	27.43	26.88	26.33	25.78	25.24	24.70	1.05	2.11	3.16	4.21	5.26	5.37	5.67	6.14	6.74	7.44	6.74	6.14	5.67	5.37	5.26	4.21	3.16	2.11	1.05	0.00	38.77	39.93	41.10	41.97	42.86	43.79	42.69	41.62	40.56	39.56	38.59	37.64	32.31	31.95	31.62	31.32	34.79	34.79	34.79	34.79	34.79	34.79	34.79	25.06	26.83	28.64	18.68	18.44	18.25	18.11	28.89	9.07	28.04	42.99	36.64	39.49	11.32	18.65	26.27	16.78	14.26	36.26	18.84	10.74	23.98	18.83	13.23	7.52	26.46	25.27	18.91	35.04	8.01	33.33	34.74	13.63	23.58	18.04	21.01	21.03	
17.09	16.47	15.85	15.23	14.61	14.49	14.40	14.34	14.30	14.30	14.93	15.56	16.19	16.82	17.46	17.46	17.49	17.54	17.61	17.71	37.95	37.14	36.35	35.56	34.79	34.08	33.38	32.70	32.03	31.40	32.25	33.11	33.98	34.86	35.76	36.32	36.90	37.51	38.13	38.77	0.00	1.45	2.91	3.25	4.11	5.24	4.60	4.36	4.60	3.25	2.06	1.45	36.00	35.00	34.00	33.00	35.09	35.09	35.09	35.09	35.09	35.09	35.09	36.98	36.57	36.27	31.56	30.64	29.73	28.83	10.48	46.64	18.91	4.29	37.69	11.34	36.06	22.78	28.25	24.44	24.82	31.69	42.10	30.47	17.68	23.51	43.01	44.55	18.93	33.33	38.90	34.53	37.63	21.97	15.04	28.09	17.04	49.75	20.55	30.00	
18.52	17.90	17.28	16.66	16.03	15.93	15.85	15.79	15.76	15.75	16.38	17.02	17.65	18.28	18.91	18.92	18.94	18.99	19.06	19.15	39.09	38.27	37.45	36.65	35.86	35.17	34.49	33.83	33.19	32.57	33.44	34.32	35.20	36.10	37.00	37.55	38.11	38.70	39.30	39.93	1.45	0.00	1.45	2.06	3.25	4.60	4.36	4.60	5.24	4.11	3.25	2.91	36.05	35.05	34.05	33.06	35.02	35.02	35.02	35.02	35.02	35.02	35.02	37.34	36.86	36.48	32.16	31.26	30.37	29.49	11.38	47.69	19.19	3.06	37.58	10.61	37.42	23.61	28.52	25.80	26.05	31.49	42.74	31.77	18.38	24.91	43.84	45.80	20.38	33.65	39.51	34.43	38.94	21.84	14.82	28.99	18.43	50.55	21.33	31.44	
19.96	19.33	18.71	18.09	17.47	17.37	17.29	17.24	17.21	17.21	17.84	18.47	19.10	19.73	20.36	20.37	20.39	20.44	20.50	20.58	40.25	39.41	38.58	37.76	36.95	36.28	35.62	34.99	34.37	33.77	34.66	35.55	36.44	37.35	38.26	38.79	39.34	39.91	40.49	41.10	2.91	1.45	0.00	1.45	2.91	4.36	4.60	5.24	6.17	5.24	4.60	4.36	36.16	35.16	34.17	33.17	35.00	35.00	35.00	35.00	35.00	35.00	35.00	37.75	37.20	36.75	32.82	31.94	31.07	30.20	12.38	48.76	19.57	2.13	37.52	10.04	38.78	24.50	28.86	27.16	27.31	31.35	43.42	33.09	19.16	26.31	44.71	47.06	21.84	34.03	40.15	34.39	40.26	21.80	14.74	29.93	19.83	51.39	22.17	32.89	
20.23	19.61	19.00	18.39	17.77	17.63	17.50	17.40	17.31	17.25	17.88	18.51	19.14	19.77	20.40	20.45	20.52	20.61	20.72	20.85	41.13	40.31	39.50	38.70	37.92	37.22	36.54	35.87	35.23	34.60	35.46	36.33	37.21	38.10	39.00	39.55	40.13	40.72	41.34	41.97	3.25	2.06	1.45	0.00	1.45	2.91	3.25	4.11	5.24	4.60	4.36	4.60	37.61	36.61	35.61	34.62	36.46	36.46	36.46	36.46	36.46	36.46	36.46	39.14	38.61	38.17	34.11	33.22	32.34	31.46	13.43	49.75	20.97	1.04	38.98	11.42	39.30	25.64	30.26	27.69	28.05	32.80	44.70	33.72	20.38	26.73	45.87	47.79	21.90	35.43	41.45	35.85	40.88	23.25	16.19	31.04	20.26	52.58	23.35	33.06	
20.60	19.99	19.39	18.79	18.19	18.00	17.82	17.67	17.54	17.42	18.05	18.67	19.30	19.92	20.55	20.64	20.76	20.89	21.04	21.20	42.05	41.25	40.45	39.67	38.91	38.19	37.48	36.79	36.12	35.47	36.31	37.16	38.02	38.89	39.77	40.35	40.95	41.57	42.21	42.86	4.11	3.25	2.91	1.45	0.00	1.45	2.06	3.25	4.60	4.36	4.60	5.24	39.05	38.06	37.06	36.07	37.91	37.91	37.91	37.91	37.91	37.91	37.91	40.53	40.02	39.60	35.42	34.52	33.62	32.74	14.55	50.75	22.37	1.36	40.43	12.81	39.86	26.82	31.68	28.27	28.85	34.26	45.99	34.40	21.62	27.22	47.06	48.56	22.06	36.83	42.76	37.30	41.55	24.70	17.65	32.17	20.78	53.78	24.56	33.28	
21.06	20.47	19.88	19.30	18.72	18.48	18.26	18.05	17.87	17.71	18.33	18.94	19.56	20.18	20.79	20.93	21.09	21.26	21.45	21.65	42.99	42.21	41.44	40.67	39.93	39.19	38.46	37.75	37.05	36.38	37.20	38.03	38.87	39.72	40.58	41.19	41.81	42.46	43.12	43.79	5.24	4.60	4.36	2.91	1.45	0.00	1.45	2.91	4.36	4.60	5.24	6.17	40.50	39.51	38.51	37.51	39.37	39.37	39.37	39.37	39.37	39.37	39.37	41.93	41.44	41.03	36.73	35.83	34.92	34.03	15.72	51.78	23.78	2.62	41.89	14.22	40.47	28.03	33.09	28.92	29.70	35.71	47.30	35.13	22.89	27.78	48.26	49.37	22.31	38.24	44.07	38.76	42.26	26.16	19.10	33.33	21.39	54.99	25.79	33.57	
19.71	19.12	18.54	17.96	17.39	17.13	16.89	16.67	16.48	16.30	16.91	17.53	18.14	18.76	19.37	19.52	19.68	19.87	20.07	20.29	41.91	41.14	40.39	39.64	38.92	38.16	37.41	36.68	35.96	35.27	36.07	36.88	37.71	38.55	39.39	40.02	40.66	41.32	42.00	42.69	4.60	4.36	4.60	3.25	2.06	1.45	0.00	1.45	2.91	3.25	4.11	5.24	40.41	39.41	38.41	37.41	39.38	39.38	39.38	39.38	39.38	39.38	39.38	41.56	41.13	40.79	36.15	35.23	34.31	33.40	14.94	50.77	23.46	3.42	41.94	14.63	39.16	27.26	32.80	27.64	28.55	35.82	46.67	33.89	22.24	26.46	47.46	48.17	20.89	37.90	43.49	38.79	41.00	26.19	19.17	32.48	20.10	54.21	25.07	32.15	
18.36	17.79	17.21	16.65	16.08	15.80	15.54	15.31	15.09	14.90	15.51	16.12	16.73	17.34	17.95	18.11	18.29	18.49	18.71	18.94	40.85	40.10	39.36	38.64	37.94	37.16	36.39	35.64	34.90	34.18	34.96	35.76	36.57	37.39	38.22	38.87	39.53	40.21	40.91	41.62	4.36	4.60	5.24	4.11	3.25	2.91	1.45	0.00	1.45	2.06	3.25	4.60	40.37	39.37	38.37	37.37	39.45	39.45	39.45	39.45	39.45	39.45	39.45	41.24	40.88	40.61	35.61	34.68	33.75	32.82	14.26	49.79	23.23	4.55	42.04	15.17	37.87	26.54	32.57	26.39	27.43	36.00	46.09	32.67	21.67	25.15	46.69	46.99	19.47	37.61	42.94	38.87	39.76	26.31	19.34	31.68	18.83	53.46	24.42	30.74	
17.04	16.47	15.91	15.35	14.80	14.50	14.22	13.96	13.72	13.51	14.11	14.72	15.33	15.93	16.54	16.72	16.91	17.12	17.36	17.61	39.82	39.09	38.37	37.67	36.99	36.18	35.40	34.62	33.86	33.12	33.88	34.66	35.45	36.26	37.08	37.74	38.42	39.12	39.84	40.56	4.60	5.24	6.17	5.24	4.60	4.36	2.91	1.45	0.00	1.45	2.91	4.36	40.38	39.38	38.38	37.38	39.57	39.57	39.57	39.57	39.57	39.57	39.57	40.97	40.67	40.47	35.13	34.18	33.24	32.29	13.71	48.82	23.10	5.83	42.18	15.83	36.58	25.89	32.40	25.15	26.34	36.23	45.54	31.47	21.18	23.86	45.95	45.82	18.06	37.38	42.43	39.01	38.53	26.50	19.62	30.93	17.60	52.74	23.83	29.33	
16.47	15.88	15.29	14.71	14.14	13.88	13.66	13.45	13.28	13.13	13.75	14.37	14.99	15.61	16.23	16.35	16.50	16.66	16.85	17.06	38.80	38.05	37.31	36.59	35.88	35.10	34.33	33.58	32.84	32.12	32.91	33.71	34.52	35.35	36.19	36.83	37.48	38.16	38.85	39.56	3.25	4.11	5.24	4.60	4.36	4.60	3.25	2.06	1.45	0.00	1.45	2.91	38.92	37.92	36.92	35.92	38.12	38.12	38.12	38.12	38.12	38.12	38.12	39.53	39.23	39.02	33.75	32.81	31.87	30.93	12.35	47.73	21.64	5.39	40.74	14.58	35.91	24.58	30.95	24.40	25.38	34.80	44.19	30.66	19.80	23.21	44.69	44.96	17.75	35.94	41.06	37.57	37.76	25.07	18.21	29.68	16.85	51.47	22.49	29.00	
16.00	15.40	14.79	14.19	13.59	13.40	13.23	13.09	12.99	12.91	13.54	14.16	14.79	15.42	16.05	16.12	16.20	16.32	16.45	16.61	37.80	37.03	36.27	35.53	34.80	34.04	33.30	32.57	31.86	31.16	31.97	32.79	33.63	34.48	35.34	35.95	36.58	37.23	37.90	38.59	2.06	3.25	4.60	4.36	4.60	5.24	4.11	3.25	2.91	1.45	0.00	1.45	37.47	36.47	35.47	34.47	36.67	36.67	36.67	36.67	36.67	36.67	36.67	38.10	37.79	37.57	32.38	31.44	30.51	29.58	11.01	46.66	20.19	5.31	39.30	13.36	35.28	23.29	29.51	23.71	24.47	33.38	42.84	29.89	18.43	22.63	43.45	44.12	17.55	34.50	39.70	36.13	37.02	23.64	16.80	28.45	16.20	50.22	21.17	28.74	
15.66	15.04	14.42	13.80	13.19	13.06	12.96	12.89	12.85	12.84	13.47	14.11	14.74	15.37	16.00	16.01	16.04	16.09	16.17	16.28	36.84	36.05	35.27	34.50	33.76	33.02	32.29	31.59	30.90	30.24	31.07	31.92	32.78	33.65	34.53	35.11	35.71	36.34	36.98	37.64	1.45	2.91	4.36	4.60	5.24	6.17	5.24	4.60	4.36	2.91	1.45	0.00	36.01	35.01	34.01	33.02	35.23	35.23	35.23	35.23	35.23	35.23	35.23	36.67	36.35	36.12	31.02	30.08	29.15	28.23	9.71	45.61	18.74	5.63	37.86	12.21	34.71	22.02	28.06	23.10	23.61	31.95	41.50	29.18	17.08	22.13	42.21	43.32	17.48	33.07	38.34	34.68	36.33	22.21	15.40	27.24	15.66	48.97	19.86	28.55	
36.84	36.56	36.29	36.03	35.79	36.37	36.95	37.54	38.13	38.72	38.95	39.19	39.43	39.69	39.95	39.38	38.82	38.25	37.68	37.12	31.34	30.37	29.40	28.44	27.49	27.97	28.48	29.01	29.58	30.17	31.03	31.91	32.80	33.70	34.61	34.10	33.61	33.15	32.72	32.31	36.00	36.05	36.16	37.61	39.05	40.50	40.41	40.37	40.38	38.92	37.47	36.01	0.00	1.00	2.00	3.00	3.16	3.16	3.16	3.16	3.16	3.16	3.16	8.00	6.00	4.00	13.89	14.42	15.00	15.62	28.01	33.08	17.49	38.16	4.33	27.38	40.27	20.76	9.05	34.86	30.41	7.26	17.61	34.76	21.53	36.44	23.66	39.57	40.30	7.10	15.12	3.82	38.47	14.57	21.55	21.34	34.62	27.24	20.81	44.21	
35.94	35.66	35.39	35.12	34.87	35.45	36.03	36.61	37.20	37.78	38.02	38.27	38.52	38.78	39.05	38.48	37.92	37.36	36.79	36.24	30.97	29.99	29.01	28.04	27.07	27.52	27.99	28.50	29.04	29.60	30.49	31.38	32.29	33.20	34.12	33.64	33.17	32.74	32.33	31.95	35.00	35.05	35.16	36.61	38.06	39.51	39.41	39.37	39.38	37.92	36.47	35.01	1.00	0.00	1.00	2.00	3.00	3.00	3.00	3.00	3.00	3.00	3.00	8.06	6.08	4.12	13.42	13.89	14.42	15.00	27.03	32.99	16.50	37.17	4.77	26.41	39.71	19.96	8.16	34.10	29.68	6.66	17.76	34.12	20.59	35.65	23.67	39.27	39.41	6.68	15.13	3.52	37.98	13.60	20.56	20.72	33.73	27.47	19.94	43.46	
35.06	34.77	34.48	34.21	33.95	34.53	35.11	35.69	36.27	36.86	37.10	37.35	37.61	37.88	38.15	37.59	37.03	36.47	35.91	35.36	30.63	29.63	28.64	27.66	26.68	27.09	27.54	28.02	28.53	29.07	29.97	30.88	31.80	32.72	33.66	33.20	32.76	32.35	31.97	31.62	34.00	34.05	34.17	35.61	37.06	38.51	38.41	38.37	38.38	36.92	35.47	34.01	2.00	1.00	0.00	1.00	3.16	3.16	3.16	3.16	3.16	3.16	3.16	8.25	6.32	4.47	13.00	13.42	13.89	14.42	26.05	32.93	15.51	36.17	5.37	25.44	39.16	19.17	7.31	33.35	28.96	6.15	17.96	33.51	19.67	34.87	23.71	38.98	38.53	6.40	15.20	3.49	37.51	12.63	19.57	20.13	32.85	27.73	19.08	42.73	
34.17	33.88	33.59	33.31	33.04	33.61	34.19	34.77	35.35	35.93	36.18	36.44	36.70	36.98	37.26	36.70	36.14	35.59	35.03	34.48	30.31	29.31	28.31	27.31	26.32	26.70	27.12	27.56	28.04	28.55	29.47	30.40	31.33	32.27	33.22	32.78	32.37	31.99	31.64	31.32	33.00	33.06	33.17	34.62	36.07	37.51	37.41	37.37	37.38	35.92	34.47	33.02	3.00	2.00	1.00	0.00	3.61	3.61	3.61	3.61	3.61	3.61	3.61	8.54	6.71	5.00	12.65	13.00	13.42	13.89	25.07	32.90	14.52	35.18	6.07	24.48	38.64	18.40	6.50	32.61	28.26	5.78	18.21	32.92	18.74	34.10	23.80	38.72	37.66	6.27	15.34	3.74	37.06	11.67	18.59	19.57	31.98	28.03	18.23	42.01	
37.41	37.08	36.77	36.46	36.16	36.72	37.28	37.85	38.42	38.98	39.26	39.55	39.84	40.14	40.45	39.90	39.36	38.81	38.27	37.74	33.79	32.79	31.80	30.82	29.84	30.24	30.68	31.14	31.63	32.15	33.07	33.99	34.91	35.85	36.79	36.34	35.91	35.51	35.13	34.79	35.09	35.02	35.00	36.46	37.91	39.37	39.38	39.45	39.57	38.12	36.67	35.23	3.16	3.00	3.16	3.61	0.00	0.00	0.00	0.00	0.00	0.00	0.00	11.05	9.06	7.07	16.16	16.55	17.00	17.49	27.80	35.98	17.20	36.94	2.73	25.81	42.24	21.89	9.99	36.12	31.82	4.49	20.72	36.52	21.86	37.58	26.67	42.14	40.90	9.55	18.12	0.76	40.63	13.21	20.27	23.17	35.24	30.39	21.59	45.55	
37.41	37.08	36.77	36.46	36.16	36.72	37.28	37.85	38.42	38.98	39.26	39.55	39.84	40.14	40.45	39.90	39.36	38.81	38.27	37.74	33.79	32.79	31.80	30.82	29.84	30.24	30.68	31.14	31.63	32.15	33.07	33.99	34.91	35.85	36.79	36.34	35.91	35.51	35.13	34.79	35.09	35.02	35.00	36.46	37.91	39.37	39.38	39.45	39.57	38.12	36.67	35.23	3.16	3.00	3.16	3.61	0.00	0.00	0.00	0.00	0.00	0.00	0.00	11.05	9.06	7.07	16.16	16.55	17.00	17.49	27.80	35.98	17.20	36.94	2.73	25.81	42.24	21.89	9.99	36.12	31.82	4.49	20.72	36.52	21.86	37.58	26.67	42.14	40.90	9.55	18.12	0.76	40.63	13.21	20.27	23.17	35.24	30.39	21.59	45.55	
37.41	37.08	36.77	36.46	36.16	36.72	37.28	37.85	38.42	38.98	39.26	39.55	39.84	40.14	40.45	39.90	39.36	38.81	38.27	37.74	33.79	32.79	31.80	30.82	29.84	30.24	30.68	31.14	31.63	32.15	33.07	33.99	34.91	35.85	36.79	36.34	35.91	35.51	35.13	34.79	35.09	35.02	35.00	36.46	37.91	39.37	39.38	39.45	39.57	38.12	36.67	35.23	3.16	3.00	3.16	3.61	0.00	0.00	0.00	0.00	0.00	0.00	0.00	11.05	9.06	7.07	16.16	16.55	17.00	17.49	27.80	35.98	17.20	36.94	2.73	25.81	42.24	21.89	9.99	36.12	31.82	4.49	20.72	36.52	21.86	37.58	26.67	42.14	40.90	9.55	18.12	0.76	40.63	13.21	20.27	23.17	35.24	30.39	21.59	45.55	
37.41	37.08	36.77	36.46	36.16	36.72	37.28	37.85	38.42	38.98	39.26	39.55	39.84	40.14	40.45	39.90	39.36	38.81	38.27	37.74	33.79	32.79	31.80	30.82	29.84	30.24	30.68	31.14	31.63	32.15	33.07	33.99	34.91	35.85	36.79	36.34	35.91	35.51	35.13	34.79	35.09	35.02	35.00	36.46	37.91	39.37	39.38	39.45	39.57	38.12	36.67	35.23	3.16	3.00	3.16	3.61	0.00	0.00	0.00	0.00	0.00	0.00	0.00	11.05	9.06	7.07	16.16	16.55	17.00	17.49	27.80	35.98	17.20	36.94	2.73	25.81	42.24	21.89	9.99	36.12	31.82	4.49	20.72	36.52	21.86	37.58	26.67	42.14	40.90	9.55	18.12	0.76	40.63	13.21	20.27	23.17	35.24	30.39	21.59	45.55	
37.41	37.08	36.77	36.46	36.16	36.72	37.28	37.85	38.42	38.98	39.26	39.55	39.84	40.14	40.45	39.90	39.36	38.81	38.27	37.74	33.79	32.79	31.80	30.82	29.84	30.24	30.68	31.14	31.63	32.15	33.07	33.99	34.91	35.85	36.79	36.34	35.91	35.51	35.13	34.79	35.09	35.02	35.00	36.46	37.91	39.37	39.38	39.45	39.57	38.12	36.67	35.23	3.16	3.00	3.16	3.61	0.00	0.00	0.00	0.00	0.00	0.00	0.00	11.05	9.06	7.07	16.16	16.55	17.00	17.49	27.80	35.98	17.20	36.94	2.73	25.81	42.24	21.89	9.99	36.12	31.82	4.49	20.72	36.52	21.86	37.58	26.67	42.14	40.90	9.55	18.12	0.76	40.63	13.21	20.27	23.17	35.24	30.39	21.59	45.55	
37.41	37.08	36.77	36.46	36.16	36.72	37.28	37.85	38.42	38.98	39.26	39.55	39.84	40.14	40.45	39.90	39.36	38.81	38.27	37.74	33.79	32.79	31.80	30.82	29.84	30.24	30.68	31.14	31.63	32.15	33.07	33.99	34.91	35.85	36.79	36.34	35.91	35.51	35.13	34.79	35.09	35.02	35.00	36.46	37.91	39.37	39.38	39.45	39.57	38.12	36.67	35.23	3.16	3.00	3.16	3.61	0.00	0.00	0.00	0.00	0.00	0.00	0.00	11.05	9.06	7.07	16.16	16.55	17.00	17.49	27.80	35.98	17.20	36.94	2.73	25.81	42.24	21.89	9.99	36.12	31.82	4.49	20.72	36.52	21.86	37.58	26.67	42.14	40.90	9.55	18.12	0.76	40.63	13.21	20.27	23.17	35.24	30.39	21.59	45.55	
37.41	37.08	36.77	36.46	36.16	36.72	37.28	37.85	38.42	38.98	39.26	39.55	39.84	40.14	40.45	39.90	39.36	38.81	38.27	37.74	33.79	32.79	31.80	30.82	29.84	30.24	30.68	31.14	31.63	32.15	33.07	33.99	34.91	35.85	36.79	36.34	35.91	35.51	35.13	34.79	35.09	35.02	35.00	36.46	37.91	39.37	39.38	39.45	39.57	38.12	36.67	35.23	3.16	3.00	3.16	3.61	0.00	0.00	0.00	0.00	0.00	0.00	0.00	11.05	9.06	7.07	16.16	16.55	17.00	17.49	27.80	35.98	17.20	36.94	2.73	25.81	42.24	21.89	9.99	36.12	31.82	4.49	20.72	36.52	21.86	37.58	26.67	42.14	40.90	9.55	18.12	0.76	40.63	13.21	20.27	23.17	35.24	30.39	21.59	45.55	
34.04	33.89	33.76	33.63	33.51	34.14	34.76	35.38	36.00	36.63	36.73	36.85	36.98	37.11	37.26	36.65	36.04	35.43	34.81	34.21	24.14	23.23	22.34	21.46	20.59	21.22	21.89	22.58	23.30	24.04	24.79	25.55	26.34	27.14	27.96	27.33	26.72	26.13	25.58	25.06	36.98	37.34	37.75	39.14	40.53	41.93	41.56	41.24	40.97	39.53	38.10	36.67	8.00	8.06	8.25	8.54	11.05	11.05	11.05	11.05	11.05	11.05	11.05	0.00	2.00	4.00	8.06	8.94	9.85	10.77	27.55	25.13	18.18	39.86	12.15	30.35	33.99	17.40	9.03	30.40	25.74	14.32	9.71	29.06	20.20	32.25	15.66	32.10	37.31	3.78	7.12	11.58	31.81	18.12	24.16	16.00	31.78	19.49	18.38	39.34	
34.59	34.41	34.23	34.07	33.92	34.53	35.15	35.77	36.38	37.00	37.14	37.29	37.45	37.62	37.79	37.19	36.59	35.99	35.38	34.79	25.90	24.97	24.05	23.14	22.25	22.84	23.45	24.10	24.78	25.48	26.26	27.06	27.88	28.72	29.56	28.96	28.39	27.84	27.32	26.83	36.57	36.86	37.20	38.61	40.02	41.44	41.13	40.88	40.67	39.23	37.79	36.35	6.00	6.08	6.32	6.71	9.06	9.06	9.06	9.06	9.06	9.06	9.06	2.00	0.00	2.00	9.22	10.00	10.82	11.66	27.45	27.12	17.67	39.29	10.17	29.43	35.49	17.97	8.34	31.38	26.76	12.45	11.68	30.39	20.25	33.17	17.66	33.94	37.92	3.36	9.12	9.60	33.42	16.95	23.28	17.14	32.33	21.41	18.70	40.47	
35.24	35.03	34.82	34.62	34.44	35.04	35.65	36.26	36.86	37.47	37.64	37.82	38.02	38.21	38.42	37.83	37.24	36.65	36.06	35.47	27.68	26.74	25.80	24.88	23.96	24.50	25.08	25.69	26.32	26.98	27.80	28.63	29.48	30.34	31.21	30.64	30.10	29.58	29.09	28.64	36.27	36.48	36.75	38.17	39.60	41.03	40.79	40.61	40.47	39.02	37.57	36.12	4.00	4.12	4.47	5.00	7.07	7.07	7.07	7.07	7.07	7.07	7.07	4.00	2.00	0.00	10.63	11.31	12.04	12.81	27.49	29.10	17.38	38.81	8.20	28.62	37.04	18.73	8.10	32.46	27.89	10.62	13.65	31.78	20.49	34.18	19.66	35.81	38.63	4.04	11.12	7.64	35.07	15.95	22.54	18.43	32.99	23.35	19.22	41.65	
26.36	26.27	26.18	26.12	26.07	26.70	27.33	27.96	28.59	29.22	29.26	29.32	29.40	29.48	29.58	28.96	28.34	27.72	27.10	26.48	17.67	16.66	15.66	14.67	13.68	14.10	14.58	15.13	15.72	16.36	17.19	18.04	18.92	19.81	20.72	20.22	19.76	19.35	18.99	18.68	31.56	32.16	32.82	34.11	35.42	36.73	36.15	35.61	35.13	33.75	32.38	31.02	13.89	13.42	13.00	12.65	16.16	16.16	16.16	16.16	16.16	16.16	16.16	8.06	9.22	10.63	0.00	1.00	2.00	3.00	21.42	21.21	14.05	34.95	18.17	27.06	26.43	9.93	8.05	22.34	17.68	17.67	10.62	21.18	13.95	24.21	13.41	26.12	29.53	6.80	7.34	16.38	24.58	16.87	21.05	7.95	24.11	19.39	11.46	31.30	
25.38	25.28	25.19	25.12	25.07	25.70	26.33	26.96	27.59	28.22	28.27	28.33	28.40	28.49	28.60	27.98	27.36	26.73	26.11	25.50	17.41	16.39	15.37	14.36	13.35	13.70	14.12	14.61	15.15	15.75	16.61	17.50	18.40	19.31	20.24	19.78	19.37	19.01	18.70	18.44	30.64	31.26	31.94	33.22	34.52	35.83	35.23	34.68	34.18	32.81	31.44	30.08	14.42	13.89	13.42	13.00	16.55	16.55	16.55	16.55	16.55	16.55	16.55	8.94	10.00	11.31	1.00	0.00	1.00	2.00	20.47	21.40	13.33	34.07	18.66	26.34	25.85	8.93	7.98	21.45	16.81	17.82	11.48	20.47	13.01	23.31	13.93	25.92	28.56	7.39	8.26	16.74	24.09	16.47	20.38	7.14	23.13	20.06	10.48	30.47	
